0 Slope 18 4 x 2 - Template
0 Name: 30363eb000
0 Author: Emmet Brickowski [EBrick]
0 !LDRAW_ORG Unofficial_Part
0 !LICENSE Licensed under CC BY 4.0 : see CAreadme.txt

0 BFC CERTIFY CCW

0 // PE_TEX_PATH 0 1
0 // PE_TEX_INFO 0.0000 10.8538 -39.7155 40.2000 0.0000 0.0000 0.0000 2.0872 -20.0554 0.0000 0.6955 60.1865 -20.0000 31.6228 20.0000 -31.6228 [BASE64]
0 // PE_TEX_PATH 0 2
0 // PE_TEX_INFO 0.0000 12.0000 9.1000 -40.2000 0.0000 0.0000 0.0000 0.0000 -24.2000 0.0000 -2.2000 0.0000 -20.0000 12.0000 20.0000 -12.0000 [BASE64]
0 // PE_TEX_PATH 0 3
0 // PE_TEX_INFO -19.1000 12.0000 -30.0000 0.0000 2.2000 0.0000 0.0000 0.0000 -24.1999 -80.2001 0.0000 0.0000 -40.0000 12.0000 40.0000 -12.0000 [BASE64]
0 // PE_TEX_PATH 0 4
0 // PE_TEX_INFO 19.1000 12.0000 -30.0000 0.0000 -2.2000 0.0000 0.0000 0.0000 -24.2001 80.2002 0.0000 0.0000 -40.0000 12.0000 40.0000 -12.0000 [BASE64]
1 16 0.0000 0.0000 0.0000 1.0000 0.0000 0.0000 0.0000 1.0000 0.0000 0.0000 0.0000 1.0000 s/30363ebs00.dat
