0 Brick 1 x 3 - Template
0 Name: 3622ebtmp
0 Author: Emmet Brickowski [EBrick]
0 !LDRAW_ORG Unofficial_Part
0 !LICENSE Licensed under CC BY 4.0 : see CAreadme.txt

0 BFC CERTIFY CCW

0 // PE_TEX_PATH 0 1
0 // PE_TEX_INFO 0.0000 12.0000 -9.1000 60.2000 0.0000 0.0000 0.0000 0.0000 -24.2000 0.0000 2.2000 0.0000 -30.0000 12.0000 30.0000 -12.0000 [BASE64]
0 // PE_TEX_PATH 0 2
0 // PE_TEX_INFO 0.0000 12.0000 9.1000 -60.2000 0.0000 0.0000 0.0000 0.0000 -24.2000 0.0000 -2.2000 0.0000 -30.0000 12.0000 30.0000 -12.0000 [BASE64]
0 // PE_TEX_PATH 0 3
0 // PE_TEX_INFO -29.1000 12.0000 0.0000 0.0000 2.2000 0.0000 0.0000 0.0000 -24.2000 -20.2000 0.0000 0.0000 -10.0000 12.0000 10.0000 -12.0000 [BASE64]
0 // PE_TEX_PATH 0 4
0 // PE_TEX_INFO 29.1000 12.0000 0.0000 0.0000 -2.2000 0.0000 0.0000 0.0000 -24.2000 20.2000 0.0000 0.0000 -10.0000 12.0000 10.0000 -12.0000 [BASE64]

1 16 0.0000 0.0000 0.0000 1.0000 0.0000 0.0000 0.0000 1.0000 0.0000 0.0000 0.0000 1.0000 s\3622ebs00.dat
