0 Slope 30 1 x 1 x 2/3
0 Name: 54200eb000.dat
0 Author: Emmet Brickowski [EBrick]
0 !LDRAW_ORG Unofficial_Part
0 !LICENSE Licensed under CC BY 4.0 : see CAreadme.txt

0 BFC CERTIFY CCW

1 16   0.0000 0.0000 0.0000  1.0000 0.0000 0.0000 0.0000 1.0000 0.0000 0.0000 0.0000 1.0000 s\54200ebs01.dat
1 16   0.0000 0.0000 0.0000  1.0000 0.0000 0.0000 0.0000 1.0000 0.0000 0.0000 0.0000 1.0000 s\54200ebs02.dat
1 16   0.0000 0.0000 0.0000  1.0000 0.0000 0.0000 0.0000 1.0000 0.0000 0.0000 0.0000 1.0000 s\54200ebs03.dat
1 16 -10.0000 0.0000 0.0000  1.0000 0.0000 0.0000 0.0000 1.0000 0.0000 0.0000 0.0000 1.0000 s\7825ebs04.dat
1 16  10.0000 0.0000 0.0000 -1.0000 0.0000 0.0000 0.0000 1.0000 0.0000 0.0000 0.0000 1.0000 s\7825ebs04.dat
