0 Wedge 4 x 4 with Stud Notches - Template
0 Name: 93348ebtmp
0 Author: Emmet Brickowski [EBrick]
0 !LDRAW_ORG Unofficial_Part
0 !LICENSE Licensed under CC BY 4.0 : see CAreadme.txt

0 BFC CERTIFY CCW

0 // PE_TEX_PATH 0 1
0 // PE_TEX_INFO 0.0000 10.8538 -39.7155 80.2000 0.0000 0.0000 0.0000 2.0872 -20.0563 0.0000 0.6955 60.1862 -40.0000 31.6228 40.0000 -31.6228 [BASE64]
0 // PE_TEX_PATH 0 2
0 // PE_TEX_INFO -39.1000 12.0000 0.0000 0.0000 2.2000 0.0000 0.0000 0.0000 -24.2000 -20.2000 0.0000 0.0000 -10.0000 12.0000 10.0000 -12.0000 [BASE64]
0 // PE_TEX_PATH 0 3
0 // PE_TEX_INFO 39.1000 12.0000 0.0000 0.0000 -2.2000 0.0000 0.0000 0.0000 -24.2000 20.2001 0.0000 0.0000 -10.0000 12.0000 10.0000 -12.0000 [BASE64]
0 // PE_TEX_PATH 0 4
0 // PE_TEX_INFO -29.1460 12.0000 -39.7159 20.0248 2.0875 0.0000 0.0000 0.0000 -24.2000 -60.1966 0.6944 0.0000 -31.6228 12.0000 31.6228 -12.0000 [BASE64]
0 // PE_TEX_PATH 0 5
0 // PE_TEX_INFO 29.1460 12.0000 -39.7159 20.0248 -2.0875 0.0000 0.0000 0.0000 -24.2000 60.1966 0.6944 0.0000 -31.6228 12.0000 31.6228 -12.0000 [BASE64]

1 16 0.0000 0.0000 0.0000 1.0000 0.0000 0.0000 0.0000 1.0000 0.0000 0.0000 0.0000 1.0000 s\93348ebs00.dat
