0 ~Tail 4 x 1 x 3 - Without Right and Left Faces
0 Name: s\2340ebs01.dat
0 Author: James Jessiman
0 Modified: Emmet Brickowski [EBrick]
0 !LDRAW_ORG Subpart UPDATE 2010-02
0 !LICENSE Licensed under CC BY 4.0 : see CAreadme.txt

0 BFC CERTIFY CCW

0 BFC INVERTNEXT
1 16 0.0000 72.0000 -40.0000 6.0000 0.0000 0.0000 0.0000 -4.0000 0.0000 0.0000 0.0000 36.0000 box5.dat

4 16  10.0000 72.0000   0.0000  6.0000 72.0000  -4.0000 -6.0000 72.0000  -4.0000 -10.0000 72.0000   0.0000
4 16 -10.0000 72.0000   0.0000 -6.0000 72.0000  -4.0000 -6.0000 72.0000 -76.0000 -10.0000 72.0000 -80.0000
4 16 -10.0000 72.0000 -80.0000 -6.0000 72.0000 -76.0000  6.0000 72.0000 -76.0000  10.0000 72.0000 -80.0000
4 16  10.0000 72.0000 -80.0000  6.0000 72.0000 -76.0000  6.0000 72.0000  -4.0000  10.0000 72.0000   0.0000

1 16 0.0000 72.0000 -40.0000 10.0000 0.0000 0.0000 0.0000 -8.0000 0.0000 0.0000 0.0000 40.0000 box5.dat

1 16 0.0000 34.0000  10.0000 0.0000 0.0000 -2.0000 -30.0000 0.0000 0.0000 10.0000 -1.0000 0.0000 rect2p.dat
1 16 0.0000 34.0000 -50.0000 0.0000 0.0000  2.0000 -30.0000 1.0000 0.0000 30.0000  0.0000 0.0000 rect2p.dat

2 24 -2.0000 64.0000   0.0000 -2.0000 64.0000 -80.0000
2 24  2.0000 64.0000 -80.0000  2.0000 64.0000   0.0000
2 24 -2.0000  4.0000  20.0000 -2.0000  4.0000 -20.0000
2 24  2.0000  4.0000 -20.0000  2.0000  4.0000  20.0000

1 16 0.0000 2.0000 0.0000 10.0000 0.0000 0.0000 0.0000 2.0000 0.0000 0.0000 0.0000 20.0000 box.dat

1 16 0.0000 68.0000 -40.0000 0.0000 0.0000 -1.0000 0.0000 -1.0000 0.0000 1.0000 0.0000 0.0000 stug3-1x3.dat
1 16 0.0000  0.0000   0.0000 1.0000 0.0000  0.0000 0.0000  1.0000 0.0000 0.0000 0.0000 1.0000 stug2-2x1.dat
