0 ~Tile 1 x 4 with Groove without Top Face
0 Name: 2431ebs01
0 Author: Emmet Brickowski [EBrick]
0 !LDRAW_ORG Unofficial_Part
0 !LICENSE Licensed under CC BY 4.0 : see CAreadme.txt

0 BFC CERTIFY CCW
0 PE_TEX_PATH -1

0 // SUBFILE AND PRIMITIVE REFERENCES (TYPE 1)

0 BFC INVERTNEXT
1 16 0.0000 8.0000 0.0000 36.0000 0.0000 0.0000 0.0000 -4.0000 0.0000 0.0000 0.0000 6.0000 box5.dat
1 16 0.0000 0.0000 0.0000 40.0000 0.0000 0.0000 0.0000 7.0000 0.0000 0.0000 0.0000 10.0000 box4.dat
1 16 0.0000 7.0000 0.0000 39.0000 0.0000 0.0000 0.0000 1.0000 0.0000 0.0000 0.0000 9.0000 box4.dat
1 16 0.0000 4.0000 0.0000 1.0000 0.0000 0.0000 0.0000 -1.0000 0.0000 0.0000 0.0000 1.0000 stud3.dat
1 16 -20.0000 4.0000 0.0000 1.0000 0.0000 0.0000 0.0000 -1.0000 0.0000 0.0000 0.0000 1.0000 stud3.dat
1 16 20.0000 4.0000 0.0000 1.0000 0.0000 0.0000 0.0000 -1.0000 0.0000 0.0000 0.0000 1.0000 stud3.dat

0 // QUADRILATERAL FACES (TYPE 4)

4 16 -39.0000 8.0000 9.0000 -36.0000 8.0000 6.0000 -36.0000 8.0000 -6.0000 -39.0000 8.0000 -9.0000
4 16 39.0000 8.0000 -9.0000 36.0000 8.0000 -6.0000 36.0000 8.0000 6.0000 39.0000 8.0000 9.0000
4 16 39.0000 8.0000 9.0000 36.0000 8.0000 6.0000 -36.0000 8.0000 6.0000 -39.0000 8.0000 9.0000
4 16 -39.0000 8.0000 -9.0000 -36.0000 8.0000 -6.0000 36.0000 8.0000 -6.0000 39.0000 8.0000 -9.0000
4 16 -40.0000 7.0000 10.0000 -39.0000 7.0000 9.0000 -39.0000 7.0000 -9.0000 -40.0000 7.0000 -10.0000
4 16 40.0000 7.0000 -10.0000 39.0000 7.0000 -9.0000 39.0000 7.0000 9.0000 40.0000 7.0000 10.0000
4 16 40.0000 7.0000 10.0000 39.0000 7.0000 9.0000 -39.0000 7.0000 9.0000 -40.0000 7.0000 10.0000
4 16 -40.0000 7.0000 -10.0000 -39.0000 7.0000 -9.0000 39.0000 7.0000 -9.0000 40.0000 7.0000 -10.0000
