0 ~Brick 2 x 2 - Without Front, Back, Right and Left Faces
0 Name: s\3003ebs01.dat
0 Author: Emmet Brickowski [EBrick]
0 !LDRAW_ORG Unofficial_Part
0 !LICENSE Licensed under CC BY 4.0 : see CAreadme.txt

0 BFC CERTIFY CCW
0 PE_TEX_PATH -1

0 // SUBFILE AND PRIMITIVE REFERENCES (TYPE 1)

0 BFC INVERTNEXT 
1 16 0.0000 24.0000 0.0000 16.0000 0.0000 0.0000 0.0000 -20.0000 0.0000 0.0000 0.0000 16.0000 box5.dat
1 16 0.0000 12.0000 0.0000 20.0000 0.0000 0.0000 0.0000 -12.0000 0.0000 0.0000 0.0000 20.0000 box0.dat

1 16 0.0000 0.0000 0.0000 1.0000 0.0000 0.0000 0.0000 1.0000 0.0000 0.0000 0.0000 1.0000 stug-2x2.dat
1 16 0.0000 4.0000 0.0000 1.0000 0.0000 0.0000 0.0000 -5.0000 0.0000 0.0000 0.0000 1.0000 stud4.dat

0 // QUADRILATERAL FACES (TYPE 4)

4 16 -20.0000 0.0000 -20.0000 -20.0000 0.0000 20.0000 20.0000 0.0000 20.0000 20.0000 0.0000 -20.0000
4 16 20.0000 24.0000 20.0000 16.0000 24.0000 16.0000 -16.0000 24.0000 16.0000 -20.0000 24.0000 20.0000
4 16 -20.0000 24.0000 20.0000 -16.0000 24.0000 16.0000 -16.0000 24.0000 -16.0000 -20.0000 24.0000 -20.0000
4 16 -20.0000 24.0000 -20.0000 -16.0000 24.0000 -16.0000 16.0000 24.0000 -16.0000 20.0000 24.0000 -20.0000
4 16 20.0000 24.0000 -20.0000 16.0000 24.0000 -16.0000 16.0000 24.0000 16.0000 20.0000 24.0000 20.0000
