0 ~Brick 1 x 1 - Without the Front and Back Faces
0 Name: s\3005ebs01.dat
0 Author: Emmet Brickowski [EBrick]
0 !LDRAW_ORG Unofficial_Part
0 !LICENSE Licensed under CC BY 4.0 : see CAreadme.txt

0 BFC CERTIFY CCW
0 PE_TEX_PATH -1

0 // SUBFILE AND PRIMITIVE REFERENCES (TYPE 1)

0 BFC INVERTNEXT
1 16 0.0000 24.0000 0.0000 -6.0000 0.0000 0.0000 0.0000 -20.0000 0.0000 0.0000 0.0000 6.0000 box5.dat
1 16 0.0000 12.0000 0.0000 10.0000 0.0000 0.0000 0.0000 0.0000 -12.0000 0.0000 10.0000 0.0000 box0.dat
1 16 0.0000 24.0000 0.0000 0.0000 0.0000 -10.0000 0.0000 -24.0000 0.0000 -10.0000 0.0000 0.0000 box3u12.dat

1 16 0.0000 0.0000 0.0000 0.0000 0.0000 1.0000 0.0000 1.0000 0.0000 -1.0000 0.0000 0.0000 stud.dat

0 // QUADRILATERAL FACES (TYPE 4)

4 16 10.0000 24.0000 -10.0000 6.0000 24.0000 -6.0000 6.0000 24.0000 6.0000 10.0000 24.0000 10.0000
4 16 -10.0000 24.0000 10.0000 -6.0000 24.0000 6.0000 -6.0000 24.0000 -6.0000 -10.0000 24.0000 -10.0000
4 16 6.0000 24.0000 6.0000 -6.0000 24.0000 6.0000 -10.0000 24.0000 10.0000 10.0000 24.0000 10.0000
4 16 -6.0000 24.0000 -6.0000 6.0000 24.0000 -6.0000 10.0000 24.0000 -10.0000 -10.0000 24.0000 -10.0000
