0 ~Brick 1 x 6 - Without Front, Back, Right, and Left Faces
0 Name: s\3009ebs01.dat
0 Author: James Jessiman
0 Modified: Emmet Brickowski [EBrick]
0 !LDRAW_ORG Unofficial_Part
0 !LICENSE Licensed under CC BY 4.0 : see CAreadme.txt

0 BFC CERTIFY CCW

1 16  40.0000 4.0000 0.0000 1.0000 0.0000 0.0000 0.0000 -5.0000 0.0000 0.0000 0.0000 1.0000 stud3.dat
1 16  20.0000 4.0000 0.0000 1.0000 0.0000 0.0000 0.0000 -5.0000 0.0000 0.0000 0.0000 1.0000 stud3.dat
1 16   0.0000 4.0000 0.0000 1.0000 0.0000 0.0000 0.0000 -5.0000 0.0000 0.0000 0.0000 1.0000 stud3.dat
1 16 -20.0000 4.0000 0.0000 1.0000 0.0000 0.0000 0.0000 -5.0000 0.0000 0.0000 0.0000 1.0000 stud3.dat
1 16 -40.0000 4.0000 0.0000 1.0000 0.0000 0.0000 0.0000 -5.0000 0.0000 0.0000 0.0000 1.0000 stud3.dat

0 BFC INVERTNEXT
1 16 0.0000 24.0000 0.0000 56.0000 0.0000 0.0000 0.0000 -20.0000 0.0000 0.0000 0.0000  6.0000 box5.dat
1 16 0.0000 12.0000 0.0000 60.0000 0.0000 0.0000 0.0000 -12.0000 0.0000 0.0000 0.0000 10.0000 box0.dat

4 16  60.0000 24.0000  10.0000  56.0000 24.0000  6.0000 -56.0000 24.0000  6.0000 -60.0000 24.0000  10.0000
4 16 -60.0000 24.0000  10.0000 -56.0000 24.0000  6.0000 -56.0000 24.0000 -6.0000 -60.0000 24.0000 -10.0000
4 16 -60.0000 24.0000 -10.0000 -56.0000 24.0000 -6.0000  56.0000 24.0000 -6.0000  60.0000 24.0000 -10.0000
4 16  60.0000 24.0000 -10.0000  56.0000 24.0000 -6.0000  56.0000 24.0000  6.0000  60.0000 24.0000  10.0000

4 16 -60.0000 0.0000 10.0000 -60.0000 0.0000 -10.0000 60.0000 0.0000 -10.0000 60.0000 0.0000 10.0000

1 16 0.0000 0.0000 0.0000 1.0000 0.0000 0.0000 0.0000 1.0000 0.0000 0.0000 0.0000 1.0000 stug-1x6.dat
