0 ~Flag 7 x 3 with Bar Handle - Without Right and Left Faces
0 Name: s\3029bebs01.dat
0 Author: Magnus Forsberg [MagFors]
0 Modified: Emmet Brickowski [EBrick]
0 !LDRAW_ORG Unofficial_Subpart
0 !LICENSE Licensed under CC BY 4.0 : see CAreadme.txt

0 BFC CERTIFY CCW

1 16 0.0000 -24.0000  0.0000  4.0000 0.0000 0.0000 0.0000 48.0000   0.0000 0.0000 0.0000 4.0000 4-4cylo.dat
1 16 0.0000   0.0000 10.0000 -2.0000 0.0000 0.0000 0.0000  0.0000 -24.0000 0.0000 1.0000 0.0000 rect.dat

1 16 0.0000 -30.0000 0.0000 -4.2426 0.0000 -4.2426 0.0000 6.0000 0.0000 4.2426 0.0000 -4.2426 3-4cylo.dat

0 BFC INVERTNEXT
1 16 8.0000 -30.0000 9.2100 -6.0000 0.0000 0.0000 0.0000 6.0000 0.0000 0.0000 0.0000 -6.0000 1-8cylo.dat
0 BFC INVERTNEXT
1 16 8.0000  24.0000 9.2100 -6.0000 0.0000 0.0000 0.0000 6.0000 0.0000 0.0000 0.0000 -6.0000 1-8cylo.dat

2 24  4.2430 -30.0000 4.2430  3.7570 -30.0000 4.9670
2 24 -4.2430 -30.0000 4.2430 -3.7570 -30.0000 4.9670
2 24  4.2430 -24.0000 4.2430  3.7570 -24.0000 4.9670
2 24 -4.2430 -24.0000 4.2430 -3.7570 -24.0000 4.9670

4 16  4.2430 -24.0000 4.2430  3.7570 -24.0000 4.9670  3.7570 -30.0000 4.9670  4.2430 -30.0000 4.2430
4 16 -4.2430 -30.0000 4.2430 -3.7570 -30.0000 4.9670 -3.7570 -24.0000 4.9670 -4.2430 -24.0000 4.2430

2 24  2.0000 -30.0000 9.2100  2.0000 -30.0000 148.0000
2 24 -2.0000 -30.0000 9.2100 -2.0000 -30.0000 148.0000
2 24  2.0000 -24.0000 9.2100  2.0000 -24.0000  10.0000
2 24 -2.0000 -24.0000 9.2100 -2.0000 -24.0000  10.0000

4 16  2.0000 -30.0000 148.0000 -2.0000 -30.0000 148.0000 -2.0000 -30.0000 9.2100 2.0000 -30.0000 9.2100
4 16 -2.0000 -24.0000  10.0000  2.0000 -24.0000  10.0000  2.0000 -24.0000 9.2100 0.0000 -24.0000 9.2100

4 16  2.0000 -30.0000 10.0000  2.0000 -30.0000  9.2100  2.0000 -24.0000  9.2100  2.0000 -24.0000 10.0000
4 16 -2.0000 -30.0000  9.2100 -2.0000 -30.0000 10.0000 -2.0000 -24.0000 10.0000 -2.0000 -24.0000  9.2100
4 16  2.0000  24.0000 10.0000  2.0000  24.0000  9.2100  2.0000  30.0000  9.2100  2.0000  30.0000 10.0000
4 16 -2.0000  24.0000  9.2100 -2.0000  24.0000 10.0000 -2.0000  30.0000 10.0000 -2.0000  30.0000  9.2100

3 16 -2.0000 -24.0000 9.2100 -2.0000 -24.0000 10.0000 0.0000 -24.0000 9.2100

1 16  0.0000 -30.0000 0.0000 -4.2426 0.0000 -4.2426 0.0000 1.0000 0.0000 4.2426 0.0000 -4.2426 3-4disc.dat
1 16  8.0000 -30.0000 9.2100 -6.0000 0.0000  0.0000 0.0000 1.0000 0.0000 0.0000 0.0000 -6.0000 1-8ndis.dat
1 16 -8.0000 -30.0000 9.2100  6.0000 0.0000  0.0000 0.0000 1.0000 0.0000 0.0000 0.0000 -6.0000 1-8ndis.dat

4 16 4.2430 -30.0000 4.2430  3.7570 -30.0000 4.9670  2.0000 -30.0000 3.2100  0.0000 -30.0000 0.0000
4 16 0.0000 -30.0000 0.0000 -2.0000 -30.0000 3.2100 -3.7570 -30.0000 4.9670 -4.2430 -30.0000 4.2430
3 16 0.0000 -30.0000 0.0000  2.0000 -30.0000 3.2100 -2.0000 -30.0000 3.2100
4 16 2.0000 -30.0000 9.2100 -2.0000 -30.0000 9.2100 -2.0000 -30.0000 3.2100  2.0000 -30.0000 3.2100

1 16  0.0000 -24.0000 0.0000  1.4142 0.0000  1.4142 0.0000 -1.0000 0.0000  1.4142 0.0000 -1.4142 3-4ring2.dat
1 16  8.0000 -24.0000 9.2100 -1.4142 0.0000 -1.4142 0.0000 -1.0000 0.0000 -1.4142 0.0000  1.4142 1-8ring3.dat
1 16 -8.0000 -24.0000 9.2100  1.4142 0.0000  1.4142 0.0000 -1.0000 0.0000 -1.4142 0.0000  1.4142 1-8ring3.dat

4 16  2.8280 -24.0000 2.8280  2.3430 -24.0000 3.5530  3.7570 -24.0000 4.9670  4.2430 -24.0000 4.2430
3 16  2.3430 -24.0000 3.5530  2.8280 -24.0000 2.8280  1.5310 -24.0000 3.6960
4 16  1.5310 -24.0000 3.6960  0.0000 -24.0000 4.0000  0.6090 -24.0000 6.1490  2.3430 -24.0000 3.5530
4 16  0.0000 -24.0000 4.0000 -0.6090 -24.0000 6.1490  0.0000 -24.0000 9.2100  0.6090 -24.0000 6.1490
4 16 -2.3430 -24.0000 3.5530 -0.6090 -24.0000 6.1490  0.0000 -24.0000 4.0000 -1.5310 -24.0000 3.6960
3 16 -1.5310 -24.0000 3.6960 -2.8280 -24.0000 2.8280 -2.3430 -24.0000 3.5530
4 16 -4.2430 -24.0000 4.2430 -3.7570 -24.0000 4.9670 -2.3430 -24.0000 3.5530 -2.8280 -24.0000 2.8280

1 16 0.0000 30.0000 0.0000 4.2426 0.0000 4.2426 0.0000 -6.0000 0.0000 4.2426 0.0000 -4.2426 3-4cylo.dat

0 BFC INVERTNEXT
1 16 -8.0000  30.0000 9.2100 6.0000 0.0000 0.0000 0.0000 -6.0000 0.0000 0.0000 0.0000 -6.0000 1-8cylo.dat
0 BFC INVERTNEXT
1 16 -8.0000 -24.0000 9.2100 6.0000 0.0000 0.0000 0.0000 -6.0000 0.0000 0.0000 0.0000 -6.0000 1-8cylo.dat

2 24 -4.2430 30.0000 4.2430 -3.7570 30.0000 4.9670
2 24  4.2430 30.0000 4.2430  3.7570 30.0000 4.9670
2 24 -4.2430 24.0000 4.2430 -3.7570 24.0000 4.9670
2 24  4.2430 24.0000 4.2430  3.7570 24.0000 4.9670

4 16 -4.2430 24.0000 4.2430 -3.7570 24.0000 4.9670 -3.7570 30.0000 4.9670 -4.2430 30.0000 4.2430
4 16  4.2430 30.0000 4.2430  3.7570 30.0000 4.9670  3.7570 24.0000 4.9670  4.2430 24.0000 4.2430

2 24 -2.0000 30.0000 9.2100 -2.0000 30.0000 148.0000
2 24  2.0000 30.0000 9.2100  2.0000 30.0000 148.0000
2 24 -2.0000 24.0000 9.2100 -2.0000 24.0000  10.0000
2 24  2.0000 24.0000 9.2100  2.0000 24.0000  10.0000

4 16 -2.0000 30.0000 148.0000  2.0000 30.0000 148.0000  2.0000 30.0000 9.2100 -2.0000 30.0000 9.2100
4 16  2.0000 24.0000  10.0000 -2.0000 24.0000  10.0000 -2.0000 24.0000 9.2100  0.0000 24.0000 9.2100
3 16  2.0000 24.0000   9.2100  2.0000 24.0000  10.0000  0.0000 24.0000 9.2100

1 16  0.0000 30.0000 0.0000  4.2426 0.0000 4.2426 0.0000 -1.0000 0.0000 4.2426 0.0000 -4.2426 3-4disc.dat
1 16 -8.0000 30.0000 9.2100  6.0000 0.0000 0.0000 0.0000 -1.0000 0.0000 0.0000 0.0000 -6.0000 1-8ndis.dat
1 16  8.0000 30.0000 9.2100 -6.0000 0.0000 0.0000 0.0000 -1.0000 0.0000 0.0000 0.0000 -6.0000 1-8ndis.dat

4 16 -4.2430 30.0000 4.2430 -3.7570 30.0000 4.9670 -2.0000 30.0000 3.2100  0.0000 30.0000 0.0000
4 16  0.0000 30.0000 0.0000  2.0000 30.0000 3.2100  3.7570 30.0000 4.9670  4.2430 30.0000 4.2430
3 16  0.0000 30.0000 0.0000 -2.0000 30.0000 3.2100  2.0000 30.0000 3.2100
4 16 -2.0000 30.0000 9.2100  2.0000 30.0000 9.2100  2.0000 30.0000 3.2100 -2.0000 30.0000 3.2100

1 16  0.0000 24.0000 0.0000 -1.4142 0.0000 -1.4142 0.0000 1.0000 0.0000  1.4142 0.0000 -1.4142 3-4ring2.dat
1 16 -8.0000 24.0000 9.2100  1.4142 0.0000  1.4142 0.0000 1.0000 0.0000 -1.4142 0.0000  1.4142 1-8ring3.dat
1 16  8.0000 24.0000 9.2100 -1.4142 0.0000 -1.4142 0.0000 1.0000 0.0000 -1.4142 0.0000  1.4142 1-8ring3.dat

4 16 -2.8280 24.0000 2.8280 -2.3430 24.0000 3.5530 -3.7570 24.0000 4.9670 -4.2430 24.0000 4.2430
3 16 -2.3430 24.0000 3.5530 -2.8280 24.0000 2.8280 -1.5310 24.0000 3.6960
4 16 -1.5310 24.0000 3.6960  0.0000 24.0000 4.0000 -0.6090 24.0000 6.1490 -2.3430 24.0000 3.5530
4 16  0.0000 24.0000 4.0000  0.6090 24.0000 6.1490  0.0000 24.0000 9.2100 -0.6090 24.0000 6.1490
4 16  2.3430 24.0000 3.5530  0.6090 24.0000 6.1490  0.0000 24.0000 4.0000  1.5310 24.0000 3.6960
3 16  1.5310 24.0000 3.6960  2.8280 24.0000 2.8280  2.3430 24.0000 3.5530
4 16  4.2430 24.0000 4.2430  3.7570 24.0000 4.9670  2.3430 24.0000 3.5530  2.8280 24.0000 2.8280

1 16  0.0000   0.0000 150.0000 0.0000  0.0000 2.0000 -28.0000 0.0000 0.0000 0.0000 -1.0000 0.0000 rect2p.dat
1 16  2.0000 -28.0000 148.0000 0.0000 -4.0000 0.0000  -2.0000 0.0000 0.0000 0.0000  0.0000 2.0000 1-4cylo.dat
1 16  2.0000  28.0000 148.0000 0.0000 -4.0000 0.0000   2.0000 0.0000 0.0000 0.0000  0.0000 2.0000 1-4cylo.dat
1 16  2.0000 -28.0000 148.0000 0.0000 -1.0000 0.0000  -2.0000 0.0000 0.0000 0.0000  0.0000 2.0000 1-4chrd.dat
1 16 -2.0000 -28.0000 148.0000 0.0000  1.0000 0.0000  -2.0000 0.0000 0.0000 0.0000  0.0000 2.0000 1-4chrd.dat
1 16  2.0000  28.0000 148.0000 0.0000 -1.0000 0.0000   2.0000 0.0000 0.0000 0.0000  0.0000 2.0000 1-4chrd.dat
1 16 -2.0000  28.0000 148.0000 0.0000  1.0000 0.0000   2.0000 0.0000 0.0000 0.0000  0.0000 2.0000 1-4chrd.dat
