0 ~Slope 18 4 x 2 - Without Front, Back, Right, and Left Faces
0 Name: s\30363ebs01.dat
0 Author: Emmet Brickowski [EBrick]
0 !LDRAW_ORG Unofficial_Subpart
0 !LICENSE Licensed under CC BY 4.0 : see CAreadme.txt

0 BFC CERTIFY CCW

1 16 0.000 6.667 -10.000 1.000 0.000 0.000 0.000 -4.333 0.000 0.000 0.000 1.000 stud4a.dat

1 16 0.000 4.000 -10.000 6.000 0.000 0.000 0.000 1.000 0.000 0.000 0.000  6.000 2-4edge.dat
1 16 0.000 4.000 -10.000 6.000 0.000 0.000 0.000 1.000 2.000 0.000 0.000 -6.000 2-4edge.dat
1 16 0.000 4.000 -10.000 8.000 0.000 0.000 0.000 1.000 0.000 0.000 0.000  8.000 2-4edge.dat
1 16 0.000 4.000 -10.000 8.000 0.000 0.000 0.000 1.000 2.667 0.000 0.000 -8.000 2-4edge.dat

0 BFC INVERTNEXT
1 16 0.000 6.000 -10.000 0.000 0.000  6.000 0.000 -2.000 0.000 -6.000 0.000 0.000 1-4cyls.dat
0 BFC INVERTNEXT
1 16 0.000 6.000 -10.000 0.000 0.000 -6.000 0.000 -2.000 0.000 -6.000 0.000 0.000 1-4cyls.dat

0 BFC INVERTNEXT
1 16 0.000 4.000 -10.000 6.000 0.000 0.000 0.000 2.000 0.000 0.000 0.000 6.000 2-4cyli.dat
0 BFC INVERTNEXT
1 16 0.000 6.000 -10.000 6.000 0.000 0.000 0.000 0.667 0.000 0.000 0.000 6.000 4-4cyli.dat

1 16 0.000 6.667 -10.000 0.000 0.000  8.000 0.000 -2.667 0.000 -8.000 0.000 0.000 1-4cyls.dat
1 16 0.000 6.667 -10.000 0.000 0.000 -8.000 0.000 -2.667 0.000 -8.000 0.000 0.000 1-4cyls.dat
1 16 0.000 4.000 -10.000 8.000 0.000  0.000 0.000  2.667 0.000  0.000 0.000 8.000 2-4cyli.dat

1 16 0.000 13.334 -30.000 0.000 0.000 1.000 0.000  2.667 0.000 -1.000 0.000 0.000 stud4s.dat
1 16 0.000 13.344 -30.000 1.000 0.000 0.000 0.000 -2.656 0.000  0.000 0.000 1.000 stud4a.dat

1 16 0.000 20.000 -50.000 0.000 0.000 1.000 0.000  2.667 0.000 -1.000 0.000 0.000 stud4s.dat
1 16 0.000 20.000 -50.000 1.000 0.000 0.000 0.000 -1.000 0.000  0.000 0.000 1.000 stud4a.dat

4 16  20.000 24.000  10.000  16.000 24.000   6.000 -16.000 24.000   6.000 -20.000 24.000  10.000
4 16 -20.000 24.000  10.000 -16.000 24.000   6.000 -16.000 24.000 -66.000 -20.000 24.000 -70.000
4 16 -20.000 24.000 -70.000 -16.000 24.000 -66.000  16.000 24.000 -66.000  20.000 24.000 -70.000
4 16  20.000 24.000 -70.000  16.000 24.000 -66.000  16.000 24.000   6.000  20.000 24.000  10.000

2 24 -16.000 24.000   6.000 -16.000 24.000 -66.000
2 24  16.000 24.000 -66.000  16.000 24.000   6.000

1 16 0.000 24.000 -30.000 -20.000 0.000 0.000 0.000 1.000 0.000 0.000 0.000 40.000 recte3.dat

0 BFC INVERTNEXT
1 16 0.000 22.000 -66.000 16.000 0.000 0.000 0.000 0.000 2.000 0.000 1.000 0.000 rect.dat

0 BFC INVERTNEXT
1 16 0.000 14.000  -2.000 16.000 0.000 0.000 0.000 -10.000 0.000 0.000   0.000 8.000 box2-5.dat
1 16 0.000 12.000 -38.000 16.000 0.000 0.000 0.000   8.000 0.000 0.000 -24.000 4.000 box2-7.dat

4 16  16.000 24.000   6.000  16.000 20.000 -58.000  16.000  4.000 -10.000  16.000  4.000   6.000
4 16  16.000 20.000 -58.000  16.000 24.000   6.000  16.000 24.000 -66.000  16.000 20.000 -66.000
4 16 -16.000  4.000   6.000 -16.000  4.000 -10.000 -16.000 20.000 -58.000 -16.000 24.000   6.000
4 16 -16.000 20.000 -66.000 -16.000 24.000 -66.000 -16.000 24.000   6.000 -16.000 20.000 -58.000

1 16 0.000 22.000 -70.000  20.000 0.000 0.000 0.000  0.000   2.000 0.000 1.000   0.000 rect.dat
1 16 0.000 12.000  10.000 -20.000 0.000 0.000 0.000  0.000 -12.000 0.000 0.000   0.000 recte3.dat
1 16 0.000  0.000   0.000  20.000 0.000 0.000 0.000 -1.000   0.000 0.000 0.000 -10.000 rect3.dat

2 24  20.000 0.000 -10.000  20.000 20.000 -70.000
2 24 -20.000 0.000 -10.000 -20.000 20.000 -70.000

1 16 0.000 0.000 0.000 0.000 0.000 1.000 0.000 1.000 0.000 -1.000 0.000 0.000 stug-2x1.dat
