0 ~Slope 45 2 x 4 - Without Front, Back, Right and Left Faces
0 Name: s\3037ebs01.dat
0 Author: Emmet Brickowski [EBrick]
0 !LDRAW_ORG Unofficial_Part
0 !LICENSE Licensed under CC BY 4.0 : see CAreadme.txt

0 BFC CERTIFY CCW
0 PE_TEX_PATH -1

0 // SUBFILE AND PRIMITIVE REFERENCES (TYPE 1)

1 16 20 20 -10 1 0 0 0 -1 0 0 0 1 stud4a.dat
1 16 20 4 -10 6 0 0 0 1 0 0 0 6 2-4edge.dat
1 16 20 4 -10 6 0 0 0 1 6 0 0 -6 2-4edge.dat
1 16 20 4 -10 8 0 0 0 1 0 0 0 8 2-4edge.dat
1 16 20 4 -10 8 0 0 0 1 8 0 0 -8 2-4edge.dat
0 BFC INVERTNEXT
1 16 20 10 -10 0 0 6 0 -6 0 -6 0 0 1-4cyls.dat
0 BFC INVERTNEXT
1 16 20 10 -10 0 0 -6 0 -6 0 -6 0 0 1-4cyls.dat
0 BFC INVERTNEXT
1 16 20 4 -10 6 0 0 0 16 0 0 0 6 2-4cyli.dat
0 BFC INVERTNEXT
1 16 20 10 -10 6 0 0 0 10 0 0 0 -6 2-4cyli.dat
1 16 20 12 -10 0 0 8 0 -8 0 -8 0 0 1-4cyls.dat
1 16 20 12 -10 0 0 -8 0 -8 0 -8 0 0 1-4cyls.dat
1 16 20 4 -10 8 0 0 0 16 0 0 0 8 2-4cyli.dat
1 16 20 12 -10 8 0 0 0 8 0 0 0 -8 2-4cyli.dat

1 16 -20 20 -10 1 0 0 0 -1 0 0 0 1 stud4a.dat
1 16 -20 4 -10 6 0 0 0 1 0 0 0 6 2-4edge.dat
1 16 -20 4 -10 6 0 0 0 1 6 0 0 -6 2-4edge.dat
1 16 -20 4 -10 8 0 0 0 1 0 0 0 8 2-4edge.dat
1 16 -20 4 -10 8 0 0 0 1 8 0 0 -8 2-4edge.dat
0 BFC INVERTNEXT
1 16 -20 10 -10 0 0 6 0 -6 0 -6 0 0 1-4cyls.dat
0 BFC INVERTNEXT
1 16 -20 10 -10 0 0 -6 0 -6 0 -6 0 0 1-4cyls.dat
0 BFC INVERTNEXT
1 16 -20 4 -10 6 0 0 0 16 0 0 0 6 2-4cyli.dat
0 BFC INVERTNEXT
1 16 -20 10 -10 6 0 0 0 10 0 0 0 -6 2-4cyli.dat
1 16 -20 12 -10 0 0 8 0 -8 0 -8 0 0 1-4cyls.dat
1 16 -20 12 -10 0 0 -8 0 -8 0 -8 0 0 1-4cyls.dat
1 16 -20 4 -10 8 0 0 0 16 0 0 0 8 2-4cyli.dat
1 16 -20 12 -10 8 0 0 0 8 0 0 0 -8 2-4cyli.dat

1 16 0 20 -10 1 0 0 0 -1 0 0 0 1 stud4a.dat
1 16 0 4 -10 6 0 0 0 1 0 0 0 6 2-4edge.dat
1 16 0 4 -10 6 0 0 0 1 6 0 0 -6 2-4edge.dat
1 16 0 4 -10 8 0 0 0 1 0 0 0 8 2-4edge.dat
1 16 0 4 -10 8 0 0 0 1 8 0 0 -8 2-4edge.dat
0 BFC INVERTNEXT
1 16 0 10 -10 0 0 6 0 -6 0 -6 0 0 1-4cyls.dat
0 BFC INVERTNEXT
1 16 0 10 -10 0 0 -6 0 -6 0 -6 0 0 1-4cyls.dat
0 BFC INVERTNEXT
1 16 0 4 -10 6 0 0 0 16 0 0 0 6 2-4cyli.dat
0 BFC INVERTNEXT
1 16 0 10 -10 6 0 0 0 10 0 0 0 -6 2-4cyli.dat
1 16 0 12 -10 0 0 8 0 -8 0 -8 0 0 1-4cyls.dat
1 16 0 12 -10 0 0 -8 0 -8 0 -8 0 0 1-4cyls.dat
1 16 0 4 -10 8 0 0 0 16 0 0 0 8 2-4cyli.dat
1 16 0 12 -10 8 0 0 0 8 0 0 0 -8 2-4cyli.dat

1 16 -30 0 0 1 0 0 0 1 0 0 0 1 stud.dat
1 16 -10 0 0 1 0 0 0 1 0 0 0 1 stud.dat
1 16 10 0 0 1 0 0 0 1 0 0 0 1 stud.dat
1 16 30 0 0 1 0 0 0 1 0 0 0 1 stud.dat

0 // TRIANGULAR FACES (TYPE 3)

3 16 36 4 6 36 20 -26 36 4 -10
3 16 -36 4 6 -36 4 -10 -36 20 -26

0 // QUADRILATERAL FACES (TYPE 4)

4 16 -36 24 6 -36 4 6 -36 20 -26 -36 24 -26
4 16 36 24 6 36 24 -26 36 20 -26 36 4 6
4 16 36 24 6 36 4 6 -36 4 6 -36 24 6
4 16 36 24 -26 -36 24 -26 -36 20 -26 36 20 -26
4 16 36 20 -26 -36 20 -26 -36 4 -10 36 4 -10
4 16 36 4 6 36 4 -10 -36 4 -10 -36 4 6

4 16 40 24 10 36 24 6 -36 24 6 -40 24 10
4 16 -40 24 10 -36 24 6 -36 24 -26 -40 24 -30
4 16 -40 24 -30 -36 24 -26 36 24 -26 40 24 -30
4 16 40 24 -30 36 24 -26 36 24 6 40 24 10

4 16 40 0 10 -40 0 10 -40 0 -10 40 0 -10
4 16 40 24 -30 40 20 -30 -40 20 -30 -40 24 -30

0 // SOLID EDGE OUTLINES (TYPE 2)

2 24 36 24 6 -36 24 6
2 24 -36 24 6 -36 24 -26
2 24 -36 24 -26 36 24 -26
2 24 36 24 -26 36 24 6

2 24 40 24 10 -40 24 10
2 24 -40 24 10 -40 24 -30
2 24 -40 24 -30 40 24 -30
2 24 40 24 -30 40 24 10

2 24 36 24 6 36 4 6
2 24 -36 24 6 -36 4 6
2 24 36 24 -26 36 20 -26
2 24 -36 24 -26 -36 20 -26
2 24 36 4 6 -36 4 6
2 24 36 4 -10 -36 4 -10
2 24 36 20 -26 -36 20 -26
2 24 36 4 6 36 4 -10
2 24 -36 4 6 -36 4 -10
2 24 36 20 -26 36 4 -10
2 24 -36 20 -26 -36 4 -10

2 24 40 24 10 40 0 10
2 24 -40 24 10 -40 0 10
2 24 40 24 -30 40 20 -30
2 24 -40 24 -30 -40 20 -30
2 24 40 0 10 -40 0 10
2 24 40 0 -10 -40 0 -10
2 24 40 20 -30 -40 20 -30
2 24 40 0 10 40 0 -10
2 24 -40 0 10 -40 0 -10
2 24 40 20 -30 40 0 -10
2 24 -40 20 -30 -40 0 -10
