0 ~Slope 45 2 x 2 without Front and Back Faces
0 Name: 3039ebs01
0 Author: Emmet Brickowski [EBrick]
0 !LDRAW_ORG Unofficial_Part
0 !LICENSE Licensed under CC BY 4.0 : see CAreadme.txt

0 BFC CERTIFY CCW

0 // SUBFILE AND PRIMITIVE REFERENCES (TYPE 1)

0 BFC INVERTNEXT
1 16 0.0000 14.0000 -10.0000 0.0000 0.0000 16.0000 10.0000 0.0000 0.0000 0.0000 16.0000 0.0000 box3u4a.dat
0 BFC INVERTNEXT
1 16 0.0000 4.0000 -10.0000 6.0000 0.0000 0.0000 0.0000 8.0000 0.0000 0.0000 0.0000 6.0000 2-4cyli.dat
0 BFC INVERTNEXT
1 16 0.0000 10.0000 -10.0000 6.0000 0.0000 0.0000 0.0000 2.0000 0.0000 0.0000 0.0000 -6.0000 2-4cyli.dat
0 BFC INVERTNEXT
1 16 0.0000 10.0000 -10.0000 0.0000 0.0000 6.0000 0.0000 -6.0000 0.0000 -6.0000 0.0000 0.0000 1-4cyls.dat
0 BFC INVERTNEXT
1 16 0.0000 10.0000 -10.0000 0.0000 0.0000 -6.0000 0.0000 -6.0000 0.0000 -6.0000 0.0000 0.0000 1-4cyls.dat
1 16 0.0000 4.0000 -10.0000 8.0000 0.0000 0.0000 0.0000 8.0000 0.0000 0.0000 0.0000 8.0000 2-4cyli.dat
1 16 0.0000 12.0000 -10.0000 0.0000 0.0000 8.0000 0.0000 -8.0000 0.0000 -8.0000 0.0000 0.0000 1-4cyls.dat
1 16 0.0000 12.0000 -10.0000 0.0000 0.0000 -8.0000 0.0000 -8.0000 0.0000 -8.0000 0.0000 0.0000 1-4cyls.dat
1 16 0.0000 4.0000 -10.0000 6.0000 0.0000 0.0000 0.0000 1.0000 0.0000 0.0000 0.0000 6.0000 2-4edge.dat
1 16 0.0000 4.0000 -10.0000 6.0000 0.0000 0.0000 0.0000 1.0000 6.0000 0.0000 0.0000 -6.0000 2-4edge.dat
1 16 0.0000 4.0000 -10.0000 8.0000 0.0000 0.0000 0.0000 1.0000 0.0000 0.0000 0.0000 8.0000 2-4edge.dat
1 16 0.0000 4.0000 -10.0000 8.0000 0.0000 0.0000 0.0000 1.0000 8.0000 0.0000 0.0000 -8.0000 2-4edge.dat
1 16 0.0000 4.0000 -10.0000 6.0000 0.0000 0.0000 0.0000 -1.0000 0.0000 0.0000 0.0000 6.0000 2-4chrd.dat
1 16 0.0000 4.0000 -10.0000 8.0000 0.0000 0.0000 0.0000 -1.0000 0.0000 0.0000 0.0000 8.0000 2-4ndis.dat
1 16 0.0000 4.0000 -10.0000 6.0000 0.0000 0.0000 0.0000 -1.0000 6.0000 0.0000 0.0000 -6.0000 2-4chrd.dat
1 16 0.0000 4.0000 -10.0000 8.0000 0.0000 0.0000 0.0000 -1.0000 8.0000 0.0000 0.0000 -8.0000 2-4ndis.dat
1 16 0.0000 24.0000 0.0000 20.0000 0.0000 0.0000 0.0000 -24.0000 0.0000 0.0000 0.0000 10.0000 p\box3-9eb.dat
1 16 0.0000 22.0000 -26.0000 0.0000 0.0000 16.0000 -2.0000 0.0000 0.0000 0.0000 -1.0000 0.0000 rect.dat
1 16 0.0000 22.0000 -30.0000 0.0000 0.0000 -20.0000 -2.0000 0.0000 0.0000 0.0000 1.0000 0.0000 rect.dat
1 16 0.0000 0.0000 0.0000 1.0000 0.0000 0.0000 0.0000 1.0000 0.0000 0.0000 0.0000 1.0000 stug-1x2.dat
1 16 0.0000 12.0000 -10.0000 -1.0000 0.0000 0.0000 0.0000 -3.0000 0.0000 0.0000 0.0000 1.0000 stud4a.dat

0 // TRIANGULAR FACES (TYPE 3)

3 16 -8.0000 4.0000 -2.0000 -16.0000 4.0000 6.0000 0.0000 4.0000 -2.0000
3 16 0.0000 12.0000 -18.0000 -16.0000 20.0000 -26.0000 -8.0000 12.0000 -18.0000

0 // QUADRILATERAL FACES (TYPE 4)

4 16 -8.0000 4.0000 -2.0000 -8.0000 4.0000 -10.0000 -16.0000 4.0000 -10.0000 -16.0000 4.0000 6.0000
4 16 8.0000 4.0000 -10.0000 8.0000 4.0000 -2.0000 16.0000 4.0000 6.0000 16.0000 4.0000 -10.0000
4 16 16.0000 4.0000 6.0000 8.0000 4.0000 -2.0000 0.0000 4.0000 -2.0000 -16.0000 4.0000 6.0000
4 16 8.0000 12.0000 -18.0000 8.0000 4.0000 -10.0000 16.0000 4.0000 -10.0000 16.0000 20.0000 -26.0000
4 16 0.0000 12.0000 -18.0000 8.0000 12.0000 -18.0000 16.0000 20.0000 -26.0000 -16.0000 20.0000 -26.0000
4 16 -16.0000 20.0000 -26.0000 -16.0000 4.0000 -10.0000 -8.0000 4.0000 -10.0000 -8.0000 12.0000 -18.0000
4 16 16.0000 4.0000 -10.0000 16.0000 24.0000 -10.0000 16.0000 24.0000 -26.0000 16.0000 20.0000 -26.0000
4 16 -16.0000 24.0000 -26.0000 -16.0000 24.0000 -10.0000 -16.0000 4.0000 -10.0000 -16.0000 20.0000 -26.0000
4 16 20.0000 24.0000 -10.0000 20.0000 0.0000 -10.0000 20.0000 20.0000 -30.0000 20.0000 24.0000 -30.0000
4 16 -20.0000 20.0000 -30.0000 -20.0000 0.0000 -10.0000 -20.0000 24.0000 -10.0000 -20.0000 24.0000 -30.0000
4 16 -20.0000 24.0000 -30.0000 -16.0000 24.0000 -26.0000 16.0000 24.0000 -26.0000 20.0000 24.0000 -30.0000
4 16 20.0000 24.0000 -30.0000 16.0000 24.0000 -26.0000 16.0000 24.0000 -10.0000 20.0000 24.0000 -10.0000
4 16 20.0000 24.0000 -10.0000 16.0000 24.0000 -10.0000 16.0000 24.0000 6.0000 20.0000 24.0000 10.0000
4 16 -20.0000 24.0000 -10.0000 -16.0000 24.0000 -10.0000 -16.0000 24.0000 -26.0000 -20.0000 24.0000 -30.0000
4 16 -16.0000 24.0000 6.0000 -16.0000 24.0000 -10.0000 -20.0000 24.0000 -10.0000 -20.0000 24.0000 10.0000
4 16 16.0000 24.0000 6.0000 -16.0000 24.0000 6.0000 -20.0000 24.0000 10.0000 20.0000 24.0000 10.0000

0 // SOLID EDGE OUTLINES (TYPE 2)

2 24 -16.0000 4.0000 -10.0000 -8.0000 4.0000 -10.0000
2 24 8.0000 4.0000 -10.0000 16.0000 4.0000 -10.0000
2 24 -6.0000 4.0000 -10.0000 6.0000 4.0000 -10.0000
2 24 -16.0000 24.0000 -10.0000 -16.0000 24.0000 -26.0000
2 24 -16.0000 4.0000 -10.0000 -16.0000 20.0000 -26.0000
2 24 16.0000 24.0000 -10.0000 16.0000 24.0000 -26.0000
2 24 16.0000 4.0000 -10.0000 16.0000 20.0000 -26.0000
2 24 -20.0000 24.0000 -10.0000 -20.0000 24.0000 -30.0000
2 24 20.0000 24.0000 -10.0000 20.0000 24.0000 -30.0000
2 24 -20.0000 0.0000 -10.0000 -20.0000 20.0000 -30.0000
2 24 20.0000 0.0000 -10.0000 20.0000 20.0000 -30.0000
2 24 -20.0000 0.0000 -10.0000 20.0000 0.0000 -10.0000
