0 ~Slope 45 2 x 1 - Small Tube
0 Name: s\3040ebs06.dat
0 Author: Emmet Brickowski [EBrick]
0 !LDRAW_ORG Unofficial_Subpart
0 !LICENSE Licensed under CC BY 4.0 : see CAreadme.txt

0 BFC CERTIFY CCW

1 16 0.0000 20.0000 -10.0000 1.0000 0.0000  0.0000 0.0000 -1.0000 0.0000  0.0000 0.0000  1.0000 stud3a.dat
1 16 0.0000  4.0000 -10.0000 4.0000 0.0000  0.0000 0.0000  4.0000 0.0000  0.0000 0.0000  4.0000 2-4edge.dat
1 16 0.0000  4.0000 -10.0000 4.0000 0.0000  0.0000 0.0000 99.0000 4.0000  0.0000 0.0000 -4.0000 2-4edge.dat
1 16 0.0000  8.0000 -10.0000 0.0000 0.0000  4.0000 0.0000 -4.0000 0.0000 -4.0000 0.0000  0.0000 1-4cyls.dat
1 16 0.0000  8.0000 -10.0000 0.0000 0.0000 -4.0000 0.0000 -4.0000 0.0000 -4.0000 0.0000  0.0000 1-4cyls.dat
1 16 0.0000  4.0000 -10.0000 4.0000 0.0000  0.0000 0.0000 16.0000 0.0000  0.0000 0.0000  4.0000 2-4cyli.dat
1 16 0.0000  8.0000 -10.0000 4.0000 0.0000  0.0000 0.0000 12.0000 0.0000  0.0000 0.0000 -4.0000 2-4cyli.dat
