0 ~Slope 33 3 x 4 - Without Front, Back, Right, and Left Faces
0 Name: s\3297ebs01.dat
0 Author: Mark Kennedy [mkennedy]
0 Modified: Emmet Brickowski [EBrick]
0 !LDRAW_ORG Unofficial_Subpart
0 !LICENSE Licensed under CC BY 4.0 : see CAreadme.txt

0 BFC CERTIFY CCW

4 16  40.0000 24.0000  10.0000  36.0000 24.0000   6.0000 -36.0000 24.0000   6.0000 -40.0000 24.0000  10.0000
4 16 -40.0000 24.0000  10.0000 -36.0000 24.0000   6.0000 -36.0000 24.0000 -46.0000 -40.0000 24.0000 -50.0000
4 16 -40.0000 24.0000 -50.0000 -36.0000 24.0000 -46.0000  36.0000 24.0000 -46.0000  40.0000 24.0000 -50.0000
4 16  40.0000 24.0000 -50.0000  36.0000 24.0000 -46.0000  36.0000 24.0000   6.0000  40.0000 24.0000  10.0000

2 24 -36.0000 24.0000   6.0000 -36.0000 24.0000 -46.0000
2 24  36.0000 24.0000 -46.0000  36.0000 24.0000   6.0000

1 16 0.0000 24.0000 -20.0000 -40.0000 0.0000 0.0000 0.0000 1.0000 0.0000 0.0000 0.0000 30.0000 recte3.dat

0 BFC INVERTNEXT
1 16 0.0000 22.0000 -46.0000 36.0000 0.0000 0.0000 0.0000 0.0000 2.0000 0.0000 1.0000 0.0000 rect.dat

0 BFC INVERTNEXT
1 16 0.0000 14.0000  -2.0000 36.0000 0.0000 0.0000 0.0000 -10.0000 0.0000 0.0000   0.0000 8.0000 box2-5.dat
1 16 0.0000 12.0000 -28.0000 36.0000 0.0000 0.0000 0.0000   8.0000 0.0000 0.0000 -16.0000 2.0000 box2-7.dat

4 16  36.0000 24.0000 -46.0000  36.0000 20.0000 -46.0000  36.0000 20.0000 -42.0000  36.0000 24.0000   6.0000
4 16  36.0000 24.0000   6.0000  36.0000 20.0000 -42.0000  36.0000  4.0000 -10.0000  36.0000  4.0000   6.0000
4 16 -36.0000 24.0000   6.0000 -36.0000 20.0000 -42.0000 -36.0000 20.0000 -46.0000 -36.0000 24.0000 -46.0000
4 16 -36.0000 20.0000 -42.0000 -36.0000 24.0000   6.0000 -36.0000  4.0000   6.0000 -36.0000  4.0000 -10.0000

1 16 0.0000 22.0000 -50.0000  40.0000 0.0000 0.0000 0.0000  0.0000   2.0000 0.0000 1.0000   0.0000 rect.dat
1 16 0.0000 12.0000  10.0000 -40.0000 0.0000 0.0000 0.0000  0.0000 -12.0000 0.0000 0.0000   0.0000 recte3.dat
1 16 0.0000  0.0000   0.0000  40.0000 0.0000 0.0000 0.0000 -1.0000   0.0000 0.0000 0.0000 -10.0000 rect3.dat

2 24  40.0000 0.0000 -10.0000  40.0000 20.0000 -50.0000
2 24 -40.0000 0.0000 -10.0000 -40.0000 20.0000 -50.0000

1 16 0.0000 0.0000 0.0000 1.0000 0.0000 0.0000 0.0000 1.0000 0.0000 0.0000 0.0000 1.0000 stug-1x4.dat
