0 Slope 45 2 x 2, Inverted with Flat Bottom Pin - Subpart Router
0 Name: s\3660ebs00b.dat
0 Author: Emmet Brickowski [EBrick]
0 !LDRAW_ORG Unofficial_Subpart
0 !LICENSE Licensed under CC BY 4.0 : see CAreadme.txt

0 BFC CERTIFY CCW

1 16   0.0000 0.0000   0.0000 1.0000 0.0000 0.0000 0.0000 1.0000 0.0000 0.0000 0.0000 1.0000 s\3660ebs01.dat
1 16   0.0000 0.0000   0.0000 1.0000 0.0000 0.0000 0.0000 1.0000 0.0000 0.0000 0.0000 1.0000 s\3660ebs02.dat
1 16   0.0000 0.0000   0.0000 1.0000 0.0000 0.0000 0.0000 1.0000 0.0000 0.0000 0.0000 1.0000 s\3660ebs03.dat
1 16   0.0000 0.0000   0.0000 1.0000 0.0000 0.0000 0.0000 1.0000 0.0000 0.0000 0.0000 1.0000 s\3660ebs04.dat
1 16   0.0000 0.0000   0.0000 1.0000 0.0000 0.0000 0.0000 1.0000 0.0000 0.0000 0.0000 1.0000 s\3660ebs05.dat
1 16   0.0000 0.0000   0.0000 1.0000 0.0000 0.0000 0.0000 1.0000 0.0000 0.0000 0.0000 1.0000 s\3660ebs06.dat
1 16 -10.0000 0.0000 -20.0000 1.0000 0.0000 0.0000 0.0000 1.0000 0.0000 0.0000 0.0000 1.0000 s\3660ebs08.dat
1 16  10.0000 0.0000 -20.0000 1.0000 0.0000 0.0000 0.0000 1.0000 0.0000 0.0000 0.0000 1.0000 s\3660ebs08.dat
