0 ~Slope 45 2 x 2, Inverted - Without Front, Back, Right, Left, and Bottom Faces
0 Name: s\3660ebs01.dat
0 Author: Magnus Forsberg [MagFors]
0 Modified: Emmet Brickowski [EBrick]
0 !LDRAW_ORG Unofficial_Subpart
0 !LICENSE Licensed under CC BY 4.0 : see CAreadme.txt

0 BFC CERTIFY CCW

4 16  18.0000 0.0000 -10.0000  20.0000 0.0000  10.0000 -20.0000 0.0000  10.0000 -18.0000 0.0000 -10.0000
4 16 -18.0000 0.0000 -10.0000 -20.0000 0.0000  10.0000 -20.0000 0.0000 -30.0000 -18.0000 0.0000 -26.0000
4 16 -18.0000 0.0000 -26.0000 -20.0000 0.0000 -30.0000  20.0000 0.0000 -30.0000  18.0000 0.0000 -26.0000
4 16  18.0000 0.0000 -26.0000  20.0000 0.0000 -30.0000  20.0000 0.0000  10.0000  18.0000 0.0000 -10.0000

2 24 -18.0000 0.0000 -10.0000 -18.0000 0.0000 -26.0000
2 24  18.0000 0.0000 -26.0000  18.0000 0.0000 -10.0000

0 BFC INVERTNEXT
1 16 0.0000 10.0000 -18.0000 18.0000 0.0000 0.0000 0.0000 2.0000  -8.0000 0.0000 0.0000 -8.0000 box2-5.dat
1 16 0.0000 10.0000 -10.0000 18.0000 0.0000 0.0000 0.0000 0.0000 -10.0000 0.0000 1.0000  0.0000 rect3.dat

4 16 -18.0000 0.0000 -10.0000 -18.0000  0.0000 -26.0000 -18.0000 4.0000 -26.0000 -18.0000 20.0000 -10.0000
4 16  18.0000 0.0000 -10.0000  18.0000 20.0000 -10.0000  18.0000 4.0000 -26.0000  18.0000  0.0000 -26.0000

1 16 0.0000  2.0000 -30.0000  20.0000 0.0000 0.0000 0.0000 0.0000  2.0000 0.0000  1.0000   0.0000 rect.dat
1 16 0.0000  0.0000 -10.0000  20.0000 0.0000 0.0000 0.0000 1.0000  0.0000 0.0000  0.0000  20.0000 recte3.dat
1 16 0.0000 12.0000  10.0000  20.0000 0.0000 0.0000 0.0000 0.0000 12.0000 0.0000 -1.0000   0.0000 recte3.dat
1 16 0.0000 24.0000   0.0000 -20.0000 0.0000 0.0000 0.0000 1.0000  0.0000 0.0000  0.0000 -10.0000 recte3.dat

2 24  20.0000 4.0000 -30.0000  20.0000 24.0000 -10.0000
2 24 -20.0000 4.0000 -30.0000 -20.0000 24.0000 -10.0000

1 16 0.0000 0.0000 0.0000 1.0000 0.0000 0.0000 0.0000 1.0000 0.0000 0.0000 0.0000 1.0000 stug-1x2.dat




0 // 3660

0 // 0 BFC INVERTNEXT
0 // 1 16 0 14 -7 -16 0 0 0 0 -10 0 13 0 box4-2p.dat
0 // 
0 // 1 16  10 14 -7 -1 0 0 0 0 10 0 1 0 box4-2p.dat
0 // 1 16 -10 14 -7  1 0 0 0 0 10 0 1 0 box4-2p.dat
0 // 
0 // 1 16 -13.5 14 -7 -2.5 0 0 0 0 10 0 -1 0 rect2p.dat
0 // 1 16   0   14 -7 -9   0 0 0 0 10 0 -1 0 rect2p.dat
0 // 1 16  13.5 14 -7 -2.5 0 0 0 0 10 0 -1 0 rect2p.dat
0 // 
0 // 1 16 0 4 -4.25 0   0 1 0 14 0  2.75 0  0   box3u2p.dat
0 // 1 16 0 4  0    2.5 0 0 0 19 0  0    0 -1.5 box3u8p.dat
0 // 1 16 0 4  3.75 0   0 1 0 14 0 -2.25 0  0   box3u2p.dat
0 // 
0 // 1 16 -2.5 23 0 0 0 -1.5 0 -1 0 -1.5 0 0 2-4chrd.dat
0 // 1 16  2.5 23 0 0 0  1.5 0 -1 0  1.5 0 0 2-4chrd.dat
0 // 
0 // 1 16 -2.5 23 0 0 0 -1.5 0 -19 0 -1.5 0 0 2-4cylo.dat
0 // 1 16  2.5 23 0 0 0  1.5 0 -19 0 -1.5 0 0 2-4cylo.dat
0 // 
0 // 4 16 -16 24   6 -16 24  -7 -20 24 -10 -20 24  10
0 // 4 16  16 24  -7  16 24   6  20 24  10  20 24 -10
0 // 4 16  20 24 -10 -20 24 -10 -16 24  -7  16 24  -7

0 // 3660

0 // 0 BFC INVERTNEXT
0 // 1 16 0 14 -6 -16 0 0 0 0 -10 0 12 0 box4-2p.dat
0 // 1 16 0 14 -6 -16 0 0 0 0  10 0 -1 0 rect2p.dat
0 // 
0 // 4 16 -16 24   6 -16 24  -6 -20 24 -10 -20 24  10
0 // 4 16  16 24  -6  16 24   6  20 24  10  20 24 -10
0 // 4 16  20 24 -10 -20 24 -10 -16 24  -6  16 24  -6
0 // 
0 // 1 16 0 4 0 1 0 0 0 -5 0 0 0 1 stud3.dat

0 // 76959

0 // 0 BFC INVERTNEXT
0 // 1 16 0 14 -7 -16 0 0 0 0 -10 0 13 0 box4-2p.dat
0 // 1 16  10 14 -7 -1 0 0 0 0 10 0 1 0 box4-2p.dat
0 // 1 16   0 14 -7 -1 0 0 0 0 10 0 1 0 box4-2p.dat
0 // 1 16 -10 14 -7  1 0 0 0 0 10 0 1 0 box4-2p.dat
0 // 
0 // 1 16 -13.5 14 -7 -2.5 0 0 0 0 10 0 -1 0 rect2p.dat
0 // 1 16  -5.0 14 -7 -4.0 0 0 0 0 10 0 -1 0 rect2p.dat
0 // 1 16   5.0 14 -7 -4.0 0 0 0 0 10 0 -1 0 rect2p.dat
0 // 1 16  13.5 14 -7 -2.5 0 0 0 0 10 0 -1 0 rect2p.dat
0 // 
0 // 4 16 -16 24   6 -16 24  -7 -20 24 -10 -20 24  10
0 // 4 16  16 24  -7  16 24   6  20 24  10  20 24 -10
0 // 4 16  20 24 -10 -20 24 -10 -16 24  -7  16 24  -7
0 // 
0 // 1 16 0 4 0 1 0 0 0 -5 0 0 0 1 stud3.dat

0 // S01

0 // 4 16  16 24   6 -16 24   6 -20 24  10  20 24  10













0 // 1 16 10 0 0 0 0 1 0 1 0 -1 0 0 stud.dat

0 // 1 16 -10 0 0 0 0 1 0 1 0 -1 0 0 stud.dat


0 // 3 16 16 24 -7 20 24 -10 11 24 -7
0 // 3 16 11 24 -7 20 24 -10 9 24 -7
0 // 4 16 9 24 -7 20 24 -10 -20 24 -10 -9 24 -7
0 // 3 16 -9 24 -7 -20 24 -10 -11 24 -7
0 // 3 16 -11 24 -7 -20 24 -10 -16 24 -7



0 // 1 16 0 0 0 1 0 0 0 1 0  0 0 1 stud2a.dat
0 // 1 16 0 0 0 1 0 0 0 4 0  0 0 1 stud2s2e.dat
0 // 1 16 0 4 0 0 0 1 0 6 0 -1 0 0 stud2s2.dat
0 // 
0 // 1 16 -10 0 -20 1 0 0 0 1 0 0 0 1 stud2a.dat
0 // 1 16 -10 0 -20 1 0 0 0 4 0 0 0 1 stud2s2e.dat
0 // 1 16 -10 4 -20 0 0 1 0 6 0 -1 0 0 stud2s2.dat
