0 ~Slope 33 3 x 6 with Inner Walls - Without Front, Right, and Left Faces
0 Name: s\3939ebs01.dat
0 Author: James Jessiman
0 Modified: Emmet Brickowski [EBrick]
0 !LDRAW_ORG Unofficial_Subpart
0 !LICENSE Licensed under CC BY 4.0 : see CAreadme.txt

0 BFC CERTIFY CCW

4 16 40 24 -46 40 24 10 44 24 6 44 24 -46
4 16 40 24 10 60 24 10 56 24 6 44 24 6
4 16 60 24 10 60 24 -50 56 24 -46 56 24 6
4 16 -40 24 -46 -44 24 -46 -44 24 6 -40 24 10
4 16 -40 24 10 -44 24 6 -56 24 6 -60 24 10
4 16 -60 24 10 -56 24 6 -56 24 -46 -60 24 -50
4 16 60 24 -50 -60 24 -50 -56 24 -46 56 24 -46

2 24 -60.0000 24.0000 10.0000 -60.0000 24.0000 -50.0000
2 24 -56.0000 24.0000  6.0000 -56.0000 24.0000 -46.0000
2 24 -44.0000 24.0000  6.0000 -44.0000 24.0000 -46.0000
2 24 -40.0000 24.0000 10.0000 -40.0000 24.0000 -46.0000
2 24 -40.0000 24.0000 10.0000 -60.0000 24.0000  10.0000

0 BFC INVERTNEXT
1 16 -50.0000 14.0000  -2.0000 6.0000 0.0000 0.0000 0.0000 -10.0000 0.0000 0.0000   0.0000 8.0000 box2-5.dat
1 16 -50.0000 22.0000 -46.0000 6.0000 0.0000 0.0000 0.0000   0.0000 2.0000 0.0000  -1.0000 0.0000 rect.dat
1 16 -50.0000 12.0000 -28.0000 6.0000 0.0000 0.0000 0.0000   8.0000 0.0000 0.0000 -16.0000 2.0000 box2-7.dat

4 16 -56.0000 24.0000   6.0000 -56.0000 20.0000 -42.0000 -56.0000 20.0000 -46.0000 -56.0000 24.0000 -46.0000
4 16 -56.0000 24.0000   6.0000 -56.0000  4.0000   6.0000 -56.0000  4.0000 -10.0000 -56.0000 20.0000 -42.0000
4 16 -44.0000 20.0000 -46.0000 -44.0000 20.0000 -42.0000 -44.0000 24.0000   6.0000 -44.0000 24.0000 -46.0000
4 16 -44.0000  4.0000 -10.0000 -44.0000  4.0000   6.0000 -44.0000 24.0000   6.0000 -44.0000 20.0000 -42.0000

2 24 60.0000 24.0000 10.0000 60.0000 24.0000 -50.0000
2 24 56.0000 24.0000  6.0000 56.0000 24.0000 -46.0000
2 24 44.0000 24.0000  6.0000 44.0000 24.0000 -46.0000
2 24 40.0000 24.0000 10.0000 40.0000 24.0000 -46.0000
2 24 40.0000 24.0000 10.0000 60.0000 24.0000  10.0000

0 BFC INVERTNEXT
1 16 50.0000 14.0000  -2.0000 6.0000 0.0000 0.0000 0.0000 -10.0000 0.0000 0.0000   0.0000 8.0000 box2-5.dat
1 16 50.0000 22.0000 -46.0000 6.0000 0.0000 0.0000 0.0000   0.0000 2.0000 0.0000  -1.0000 0.0000 rect.dat
1 16 50.0000 12.0000 -28.0000 6.0000 0.0000 0.0000 0.0000   8.0000 0.0000 0.0000 -16.0000 2.0000 box2-7.dat

4 16 56.0000 24.0000 -46.0000 56.0000 20.0000 -46.0000 56.0000 20.0000 -42.0000 56.0000 24.0000   6.0000
4 16 56.0000 20.0000 -42.0000 56.0000  4.0000 -10.0000 56.0000  4.0000   6.0000 56.0000 24.0000   6.0000
4 16 44.0000 24.0000 -46.0000 44.0000 24.0000   6.0000 44.0000 20.0000 -42.0000 44.0000 20.0000 -46.0000
4 16 44.0000 20.0000 -42.0000 44.0000 24.0000   6.0000 44.0000  4.0000   6.0000 44.0000  4.0000 -10.0000

1 16 0.0000 12.0000 -28.0000 40.0000 0.0000 0.0000 0.0000  8.0000 0.0000 0.0000 -16.0000   2.0000 box2-7.dat
1 16 0.0000 22.0000 -46.0000 40.0000 0.0000 0.0000 0.0000  0.0000 2.0000 0.0000  -1.0000   0.0000 rect.dat
1 16 0.0000  4.0000   0.0000 40.0000 0.0000 0.0000 0.0000 -1.0000 0.0000 0.0000   0.0000 -10.0000 rect.dat

4 16 -40.0000 24.0000  10.0000 -40.0000 20.0000 -42.0000 -40.0000 20.0000 -46.0000 -40.0000 24.0000 -46.0000
4 16 -40.0000 24.0000  10.0000 -40.0000  4.0000  10.0000 -40.0000  4.0000 -10.0000 -40.0000 20.0000 -42.0000
4 16  40.0000 20.0000 -46.0000  40.0000 20.0000 -42.0000  40.0000 24.0000  10.0000  40.0000 24.0000 -46.0000
4 16  40.0000  4.0000 -10.0000  40.0000  4.0000  10.0000  40.0000 24.0000  10.0000  40.0000 20.0000 -42.0000

1 16 0.0000 22.0000 -50.0000 -60.0000 0.0000 0.0000 0.0000 0.0000 2.0000 0.0000 1.0000  0.0000 rect.dat
1 16 0.0000  0.0000   0.0000  60.0000 0.0000 0.0000 0.0000 1.0000 0.0000 0.0000 0.0000 10.0000 rect.dat

2 24 -60.0000 24.0000  10.0000 -60.0000 0.0000  10.0000
2 24 -60.0000 20.0000 -50.0000 -60.0000 0.0000 -10.0000
2 24 -40.0000 24.0000  10.0000 -40.0000 4.0000  10.0000
2 24  60.0000 24.0000  10.0000  60.0000 0.0000  10.0000
2 24  60.0000 20.0000 -50.0000  60.0000 0.0000 -10.0000
2 24  40.0000 24.0000  10.0000  40.0000 4.0000  10.0000

1 16 -50.0000 0.0000 0.0000 1.0000 0.0000 0.0000 0.0000 1.0000 0.0000 0.0000 0.0000 1.0000 stud.dat
1 16  50.0000 0.0000 0.0000 1.0000 0.0000 0.0000 0.0000 1.0000 0.0000 0.0000 0.0000 1.0000 stud.dat
