0 ~Slope 33 3 x 1 - Without Front, Back, Right, and Left Faces
0 Name: s\4286ebs01.dat
0 Author: Chris Böhnke [KnightOfTarenta]
0 Modified: Emmet Brickowski [EBrick]
0 !LDRAW_ORG Unofficial_Subpart
0 !LICENSE Licensed under CC BY 4.0 : see CAreadme.txt

0 BFC CERTIFY CCW

1 16 0.0000 16.0000 -30.0000  0.0000 0.0000 -4.0000 0.0000 -2.0000 0.0000 -4.0000 0.0000 0.0000 4-4cylse.dat
1 16 0.0000 16.0000 -30.0000  0.0000 0.0000 -4.0000 0.0000  4.0000 0.0000 -4.0000 0.0000 0.0000 4-4cyli.dat
1 16 0.0000 20.0000 -30.0000 -1.0000 0.0000  0.0000 0.0000 -1.0000 0.0000  0.0000 0.0000 1.0000 stud3a.dat

4 16  10.0000 24.0000  10.0000  6.0000 24.0000   6.0000 -6.0000 24.0000   6.0000 -10.0000 24.0000  10.0000
4 16 -10.0000 24.0000  10.0000 -6.0000 24.0000   6.0000 -6.0000 24.0000 -46.0000 -10.0000 24.0000 -50.0000
4 16 -10.0000 24.0000 -50.0000 -6.0000 24.0000 -46.0000  6.0000 24.0000 -46.0000  10.0000 24.0000 -50.0000
4 16  10.0000 24.0000 -50.0000  6.0000 24.0000 -46.0000  6.0000 24.0000   6.0000  10.0000 24.0000  10.0000
4 16   6.0000 24.0000  -6.0000  2.0000 24.0000 -10.0000 -2.0000 24.0000 -10.0000  -6.0000 24.0000  -6.0000

3 16 -6.0000 24.0000 -10.0000 -6.0000 24.0000 -6.0000 -2.0000 24.0000 -10.0000
3 16  2.0000 24.0000 -10.0000  6.0000 24.0000 -6.0000  6.0000 24.0000 -10.0000

2 24 -6.0000 24.0000 -10.0000 -6.0000 24.0000 -46.0000
2 24  6.0000 24.0000 -46.0000  6.0000 24.0000 -10.0000

1 16 0.0000 24.0000 -20.0000 -10.0000 0.0000 0.0000 0.0000 1.0000 0.0000 0.0000 0.0000 30.0000 recte3.dat

0 BFC INVERTNEXT
1 16 0.0000 22.0000 -44.0000 -6.0000 0.0000 0.0000 0.0000 -2.0000 0.0000 0.0000  0.0000 -2.0000 box2-5.dat
1 16 0.0000 15.0000 -12.0000  2.0000 0.0000 0.0000 0.0000  0.0000 9.0000 0.0000 -2.0000  0.0000 box2-7.dat

1 16  4.0000 14.0000 -10.0000  0.0000 0.0000 -2.0000 -10.0000  0.0000  0.0000 0.0000 1.0000  0.0000 rect.dat
1 16 -4.0000 14.0000 -10.0000 -2.0000 0.0000  0.0000   0.0000  0.0000 10.0000 0.0000 1.0000  0.0000 rect.dat
1 16  0.0000  5.0000 -12.0000  2.0000 0.0000  0.0000   0.0000 -2.0000  1.0000 0.0000 0.0000 -2.0000 recte3.dat

3 16 -6.0000 24.0000 -46.0000 -6.0000 20.0000 -42.0000 -6.0000 20.0000 -46.0000
4 16 -2.0000  6.0000 -14.0000 -2.0000  4.0000 -10.0000 -2.0000 24.0000 -10.0000 -2.0000 24.0000 -14.0000

3 16 6.0000 20.0000 -42.0000 6.0000 24.0000 -46.0000 6.0000 20.0000 -46.0000
4 16 2.0000 24.0000 -10.0000 2.0000  4.0000 -10.0000 2.0000  6.0000 -14.0000 2.0000 24.0000 -14.0000

4 16  6.0000 24.0000 -46.0000  6.0000 20.0000 -42.0000  6.0000 4.0000 -10.0000  6.0000 24.0000 -10.0000
4 16 -6.0000 24.0000 -46.0000 -6.0000 24.0000 -10.0000 -6.0000 4.0000 -10.0000 -6.0000 20.0000 -42.0000
4 16  6.0000 20.0000 -42.0000  2.0000  6.0000 -14.0000  2.0000 4.0000 -10.0000  6.0000  4.0000 -10.0000
4 16  6.0000 20.0000 -42.0000 -6.0000 20.0000 -42.0000 -2.0000 6.0000 -14.0000  2.0000  6.0000 -14.0000
4 16 -6.0000 20.0000 -42.0000 -6.0000  4.0000 -10.0000 -2.0000 4.0000 -10.0000 -2.0000  6.0000 -14.0000

2 24 -6.0000 20.0000 -42.0000 -6.0000  4.0000 -10.0000
2 24  6.0000  4.0000 -10.0000  6.0000 20.0000 -42.0000

0 BFC INVERTNEXT
1 16 0.0000 24.0000 0.0000 -6.0000 0.0000 0.0000 0.0000 -20.0000 0.0000 0.0000 0.0000 6.0000 box5.dat

1 16 0.0000 22.0000 -50.0000  10.0000 0.0000 0.0000 0.0000  0.0000   2.0000 0.0000 1.0000   0.0000 rect.dat
1 16 0.0000 12.0000  10.0000 -10.0000 0.0000 0.0000 0.0000  0.0000 -12.0000 0.0000 0.0000   0.0000 recte3.dat
1 16 0.0000  0.0000   0.0000  10.0000 0.0000 0.0000 0.0000 -1.0000   0.0000 0.0000 0.0000 -10.0000 rect3.dat

2 24  10.0000 0.0000 -10.0000  10.0000 20.0000 -50.0000
2 24 -10.0000 0.0000 -10.0000 -10.0000 20.0000 -50.0000

1 16 0.0000 0.0000 0.0000 1.0000 0.0000 0.0000 0.0000 1.0000 0.0000 0.0000 0.0000 1.0000 stud.dat
