0 ~Container, Box 2 x 2 x 2 Door with Slot - Without Front Face
0 Name: s\4346ebs01.dat
0 Author: James Jessiman
0 Modified: Emmet Brickowski [EBrick]
0 !LDRAW_ORG Unofficial_Subpart
0 !LICENSE Licensed under CC BY 4.0 : see CAreadme.txt

0 BFC CERTIFY CCW

1 16 16.0000 44.0000 -26.0000 0.0000 1.5000 0.0000 0.0000 0.0000  3.0000  3.0000 0.0000  0.0000 bump5000.dat
1 16 16.0000 44.0000 -26.0000 0.0000 1.0000 0.0000 1.0000 0.0000  0.0000  0.0000 0.0000 -1.0000 3-4ring3.dat
1 16 16.0000 44.0000 -26.0000 0.0000 1.0000 0.0000 0.0000 0.0000 -4.0000 -4.0000 0.0000  0.0000 2-4ndis.dat
1 16 16.0000 44.0000 -26.0000 0.0000 1.0000 0.0000 0.0000 0.0000  3.0000  3.0000 0.0000  0.0000 1-4ndis.dat

4 16 16.0000 47.0000 -26.0000 16.0000 47.0000 -23.0000 16.0000 48.0000 -24.0000 16.0000 48.0000 -26.0000
3 16 16.0000 46.8284 -21.1716 16.0000 48.0000 -24.0000 16.0000 47.0000 -23.0000
4 16 16.0000 44.0000 -23.0000 16.0000 44.0000 -22.0000 16.0000 46.8284 -21.1716 16.0000 47.0000 -23.0000
4 16 16.0000 44.0000 -22.0000 16.0000 40.0000 -22.0000 16.0000 44.0000 -20.0000 16.0000 46.8284 -21.1716
3 16 16.0000 40.0000 -22.0000 16.0000  4.0000 -20.0000 16.0000 44.0000 -20.0000
4 16 16.0000  4.0000 -26.0000 16.0000  4.0000 -20.0000 16.0000 40.0000 -22.0000 16.0000 40.0000 -26.0000

1 16 -16.0000 44.0000 -26.0000 0.0000 -1.5000 0.0000 0.0000 0.0000 3.0000 -3.0000 0.0000 0.0000 bump5000.dat

4 16 -16.0000  4.0000 -26.0000 -16.0000 40.0000 -26.0000 -16.0000 40.0000 -22.0000 -16.0000  4.0000 -20.0000
3 16 -16.0000 40.0000 -22.0000 -16.0000 44.0000 -20.0000 -16.0000  4.0000 -20.0000
4 16 -16.0000 44.0000 -22.0000 -16.0000 46.8284 -21.1716 -16.0000 44.0000 -20.0000 -16.0000 40.0000 -22.0000
4 16 -16.0000 44.0000 -23.0000 -16.0000 47.0000 -23.0000 -16.0000 46.8284 -21.1716 -16.0000 44.0000 -22.0000

1 16 -16.0000 44.0000 -26.0000 0.0000 -1.0000 0.0000 3.0000 0.0000  0.0000 0.0000 0.0000 3.0000 1-4ndis.dat
1 16 -16.0000 44.0000 -26.0000 0.0000 -1.0000 0.0000 0.0000 0.0000 -4.0000 4.0000 0.0000 0.0000 2-4ndis.dat
1 16 -16.0000 44.0000 -26.0000 0.0000 -1.0000 0.0000 0.0000 0.0000 -1.0000 1.0000 0.0000 0.0000 3-4ring3.dat

4 16 -16.0000 47.0000 -26.0000 -16.0000 48.0000 -26.0000 -16.0000 48.0000 -24.0000 -16.0000 47.0000 -23.0000
3 16 -16.0000 46.8284 -21.1716 -16.0000 47.0000 -23.0000 -16.0000 48.0000 -24.0000

1 16  16.0000 44.0000 -24.0000 0.0000  1.0000 0.0000 0.0000 0.0000  4.0000 4.0000 0.0000  0.0000 1-8chrd.dat
1 16  16.0000 44.0000 -24.0000 0.0000  1.0000 0.0000 2.8284 0.0000  2.8284 2.8284 0.0000 -2.8284 1-8chrd.dat
1 16 -16.0000 44.0000 -24.0000 0.0000 -1.0000 0.0000 4.0000 0.0000  0.0000 0.0000 0.0000  4.0000 1-8chrd.dat
1 16 -16.0000 44.0000 -24.0000 0.0000 -1.0000 0.0000 2.8284 0.0000 -2.8284 2.8284 0.0000  2.8284 1-8chrd.dat

2 24  16.0000 4.0000 -26.0000  16.0000 40.0000 -26.0000
2 24 -16.0000 4.0000 -26.0000 -16.0000 40.0000 -26.0000
2 24  16.0000 4.0000 -20.0000  16.0000 44.0000 -20.0000
2 24 -16.0000 4.0000 -20.0000 -16.0000 44.0000 -20.0000

1 16  18.0000 48.0000 -25.0000 0.0000 0.0000  2.0000 0.0000 -1.0000 0.0000  1.0000 0.0000 0.0000 rect2p.dat
1 16 -18.0000 48.0000 -25.0000 0.0000 0.0000 -2.0000 0.0000 -1.0000 0.0000 -1.0000 0.0000 0.0000 rect2p.dat

2 24 -12.0000 40.0000 -26.0000 12.0000 40.0000 -26.0000

1 16   0.0000 44.0000 -22.0000  0.0000 0.0000 12.0000 -4.0000  0.0000 0.0000 0.0000 -4.0000  0.0000 box4o4a.dat
1 16  14.0000 40.0000 -28.0000 -2.0000 0.0000  0.0000  0.0000 -1.0000 0.0000 0.0000  0.0000  2.0000 rect.dat
1 16 -14.0000 40.0000 -28.0000  2.0000 0.0000  0.0000  0.0000 -1.0000 0.0000 0.0000  0.0000 -2.0000 rect.dat

2 24  10.0000 12.0000 -30.0000  10.0000  4.0000 -30.0000
2 24  13.0000 12.0000 -26.0000  13.0000  4.0000 -26.0000
2 24 -10.0000  4.0000 -30.0000 -10.0000 12.0000 -30.0000
2 24 -13.0000  4.0000 -26.0000 -13.0000 12.0000 -26.0000

1 16 0.0000 12.0000 -28.0000 0.0000 0.0000 10.0000 0.0000 1.0000 0.0000 -2.0000 0.0000 0.0000 rect.dat

4 16 10.0000 12.0000 -16.0000 10.0000 12.0000 -30.0000 10.0000  4.0000 -30.0000 10.0000  4.0000 -20.0000
3 16 10.0000  5.0000 -16.0000 10.0000 12.0000 -16.0000 10.0000  4.0000 -20.0000
4 16 13.0000  4.0000 -20.0000 13.0000  4.0000 -26.0000 13.0000 12.0000 -26.0000 13.0000 12.0000 -16.0000
3 16 13.0000  4.0000 -20.0000 13.0000 12.0000 -16.0000 13.0000  5.0000 -16.0000

1 16 0.0000 4.0000 -25.0000 0.0000 0.0000 -10.0000 0.0000 -1.0000 0.0000 -5.0000 0.0000 0.0000 rect.dat

4 16 -10.0000  4.0000 -20.0000 -10.0000  4.0000 -30.0000 -10.0000 12.0000 -30.0000 -10.0000 12.0000 -16.0000
3 16 -10.0000  4.0000 -20.0000 -10.0000 12.0000 -16.0000 -10.0000  5.0000 -16.0000
4 16 -13.0000 12.0000 -16.0000 -13.0000 12.0000 -26.0000 -13.0000  4.0000 -26.0000 -13.0000  4.0000 -20.0000
3 16 -13.0000  5.0000 -16.0000 -13.0000 12.0000 -16.0000 -13.0000  4.0000 -20.0000

1 16 -14.5000  4.0000 -23.0000 -1.5000 0.0000  0.0000 0.0000  -1.0000  0.0000 0.0000 0.0000  3.0000 rect.dat
1 16 -11.5000  4.5000 -18.0000 -1.5000 0.0000  0.0000 0.0000   1.0000 -0.5000 0.0000 0.0000 -2.0000 rect3.dat
1 16  11.5000  4.5000 -18.0000 -1.5000 0.0000  0.0000 0.0000   1.0000 -0.5000 0.0000 0.0000 -2.0000 rect3.dat
1 16  14.5000  4.0000 -23.0000 -1.5000 0.0000  0.0000 0.0000  -1.0000  0.0000 0.0000 0.0000  3.0000 rect.dat
1 16 -11.5000  8.5000 -21.0000  1.5000 0.0000  0.0000 0.0000   3.5000  0.0000 0.0000 0.0000  5.0000 box2-5.dat
1 16  11.5000  8.5000 -21.0000  1.5000 0.0000  0.0000 0.0000   3.5000  0.0000 0.0000 0.0000  5.0000 box2-5.dat
1 16   0.0000 44.0000 -25.0000  0.0000 0.0000 20.0000 0.0000 -44.0000  0.0000 5.0000 0.0000  0.0000 box3u4a.dat

4 16  16.0000  4.0000 -26.0000  16.0000 40.0000 -26.0000  13.0000 12.0000 -26.0000  13.0000  4.0000 -26.0000
4 16 -13.0000  4.0000 -26.0000 -13.0000 12.0000 -26.0000 -16.0000 40.0000 -26.0000 -16.0000  4.0000 -26.0000
4 16  12.0000 40.0000 -26.0000 -12.0000 40.0000 -26.0000 -10.0000 12.0000 -26.0000  10.0000 12.0000 -26.0000
4 16  16.0000 40.0000 -26.0000  12.0000 40.0000 -26.0000  10.0000 12.0000 -26.0000  13.0000 12.0000 -26.0000
4 16 -10.0000 12.0000 -26.0000 -12.0000 40.0000 -26.0000 -16.0000 40.0000 -26.0000 -13.0000 12.0000 -26.0000

0 BFC INVERTNEXT
1 16 0.0000 44.0000 -22.0000 0.0000 0.0000 9.5000 -1.5000 0.0000 0.0000 0.0000 -4.0000 0.0000 box5.dat

4 16  12.0000 48.0000 -22.0000   9.5000 45.5000 -22.0000   9.5000 42.5000 -22.0000  12.0000 40.0000 -22.0000
4 16   9.5000 42.5000 -22.0000  -9.5000 42.5000 -22.0000 -12.0000 40.0000 -22.0000  12.0000 40.0000 -22.0000
4 16  -9.5000 45.5000 -22.0000 -12.0000 48.0000 -22.0000 -12.0000 40.0000 -22.0000  -9.5000 42.5000 -22.0000
4 16  12.0000 48.0000 -22.0000 -12.0000 48.0000 -22.0000  -9.5000 45.5000 -22.0000   9.5000 45.5000 -22.0000
4 16  20.0000 44.0000 -20.0000  16.0000 44.0000 -20.0000  16.0000  4.0000 -20.0000  20.0000  0.0000 -20.0000
4 16 -16.0000 44.0000 -20.0000 -20.0000 44.0000 -20.0000 -20.0000  0.0000 -20.0000 -16.0000  4.0000 -20.0000
3 16 -16.0000  4.0000 -20.0000 -20.0000  0.0000 -20.0000 -13.0000  4.0000 -20.0000
3 16 -13.0000  4.0000 -20.0000 -20.0000  0.0000 -20.0000 -10.0000  4.0000 -20.0000
4 16  10.0000  4.0000 -20.0000 -10.0000  4.0000 -20.0000 -20.0000  0.0000 -20.0000  20.0000  0.0000 -20.0000
3 16  10.0000  4.0000 -20.0000  20.0000  0.0000 -20.0000  13.0000  4.0000 -20.0000
3 16  13.0000  4.0000 -20.0000  20.0000  0.0000 -20.0000  16.0000  4.0000 -20.0000
4 16  20.0000 48.0000 -26.0000  20.0000 48.0000 -24.0000  20.0000 44.0000 -20.0000  20.0000 44.0000 -30.0000

1 16  20.0000 44.0000 -26.0000 0.0000 -1.0000 0.0000 0.0000 0.0000 4.0000 -4.0000 0.0000  0.0000 1-4chrd.dat
1 16 -20.0000 44.0000 -26.0000 0.0000  1.0000 0.0000 4.0000 0.0000 0.0000  0.0000 0.0000 -4.0000 1-4chrd.dat

4 16 -20.0000 48.0000 -26.0000 -20.0000 44.0000 -30.0000 -20.0000 44.0000 -20.0000 -20.0000 48.0000 -24.0000

1 16 -20.0000 44.0000 -24.0000 0.0000  1.0000 0.0000 0.0000 0.0000 4.0000 4.0000 0.0000  0.0000 1-4chrd.dat
1 16  20.0000 44.0000 -24.0000 0.0000 -1.0000 0.0000 4.0000 0.0000 0.0000 0.0000 0.0000  4.0000 1-4chrd.dat
1 16 -20.0000 44.0000 -26.0000 0.0000  4.0000 0.0000 4.0000 0.0000 0.0000 0.0000 0.0000 -4.0000 1-4cylo.dat
1 16 -16.0000 44.0000 -24.0000 0.0000 -4.0000 0.0000 4.0000 0.0000 0.0000 0.0000 0.0000  4.0000 1-4cylo.dat
1 16 -12.0000 44.0000 -26.0000 0.0000 24.0000 0.0000 4.0000 0.0000 0.0000 0.0000 0.0000 -4.0000 1-4cylo.dat
1 16  16.0000 44.0000 -26.0000 0.0000  4.0000 0.0000 4.0000 0.0000 0.0000 0.0000 0.0000 -4.0000 1-4cylo.dat
1 16  20.0000 44.0000 -24.0000 0.0000 -4.0000 0.0000 4.0000 0.0000 0.0000 0.0000 0.0000  4.0000 1-4cylo.dat

2 24 -12.0000 40.0000 -30.0000 -12.0000 44.0000 -30.0000
2 24  12.0000 40.0000 -30.0000  12.0000 44.0000 -30.0000

4 16 -12.0000 40.0000 -30.0000 -12.0000 40.0000 -26.0000 -12.0000 48.0000 -26.0000 -12.0000 44.0000 -30.0000
4 16  12.0000 40.0000 -30.0000  12.0000 44.0000 -30.0000  12.0000 48.0000 -26.0000  12.0000 40.0000 -26.0000

2 24 -16.0000 40.0000 -30.0000 -16.0000 44.0000 -30.0000
2 24  16.0000 40.0000 -30.0000  16.0000 44.0000 -30.0000

1 16  12.0000 44.0000 -26.0000 0.0000 -1.0000 0.0000 0.0000 0.0000 4.0000 -4.0000 0.0000  0.0000 1-4chrd.dat
1 16 -12.0000 44.0000 -26.0000 0.0000  1.0000 0.0000 4.0000 0.0000 0.0000  0.0000 0.0000 -4.0000 1-4chrd.dat
