0 ~Slope 45 2 x 2, Inverted - Hollow Bottom Pin
0 Name: s\76959ebs01.dat
0 Author: Emmet Brickowski [EBrick]
0 !LDRAW_ORG Unofficial_Subpart
0 !LICENSE Licensed under CC BY 4.0 : see CAreadme.txt

0 BFC CERTIFY CCW

4 16 -16.0000 24.0000   6.0000 -16.0000 24.0000  -7.0000 -20.0000 24.0000 -10.0000 -20.0000 24.0000  10.0000
4 16  16.0000 24.0000  -7.0000  16.0000 24.0000   6.0000  20.0000 24.0000  10.0000  20.0000 24.0000 -10.0000
4 16  20.0000 24.0000 -10.0000 -20.0000 24.0000 -10.0000 -16.0000 24.0000  -7.0000  16.0000 24.0000  -7.0000
4 16  16.0000 24.0000   6.0000 -16.0000 24.0000   6.0000 -20.0000 24.0000  10.0000  20.0000 24.0000  10.0000

0 BFC INVERTNEXT
1 16   0.0000 14.0000 -7.0000 -16.0000 0.0000 0.0000 0.0000 0.0000 -10.0000 0.0000 13.0000 0.0000 box4-2p.dat
1 16  10.0000 14.0000 -7.0000  -1.0000 0.0000 0.0000 0.0000 0.0000  10.0000 0.0000  1.0000 0.0000 box4-2p.dat
1 16   0.0000 21.0000 -7.0000  -1.0000 0.0000 0.0000 0.0000 0.0000   3.0000 0.0000  1.0000 0.0000 box4-7a.dat
1 16 -10.0000 14.0000 -7.0000   1.0000 0.0000 0.0000 0.0000 0.0000  10.0000 0.0000  1.0000 0.0000 box4-2p.dat

1 16 0.0000 18.0000 -4.5000 -1.0000 0.0000 0.0000 0.0000 -1.0000 0.0000 0.0000 0.0000 -1.5000 rect.dat
1 16 0.0000 18.0000  4.5000 -1.0000 0.0000 0.0000 0.0000 -1.0000 0.0000 0.0000 0.0000 -1.5000 rect.dat

2 24 -1.0000 4.0000 -7.0000 -1.0000 24.0000 -7.0000
2 24  1.0000 4.0000 -7.0000  1.0000 24.0000 -7.0000

1 16 0.0000 11.0000 -7.0000 0.0000 0.0000 -1.0000 7.0000 0.0000 0.0000 0.0000  4.0000 0.0000 box3u7a.dat
1 16 0.0000 11.0000  6.0000 0.0000 0.0000  1.0000 7.0000 0.0000 0.0000 0.0000 -3.0000 0.0000 box3u5p.dat

1 16 -13.5000 14.0000 -7.0000 -2.5000 0.0000 0.0000 0.0000 0.0000 10.0000 0.0000 -1.0000 0.0000 rect2p.dat
1 16  -5.0000 14.0000 -7.0000 -4.0000 0.0000 0.0000 0.0000 0.0000 10.0000 0.0000 -1.0000 0.0000 rect2p.dat
1 16   5.0000 14.0000 -7.0000 -4.0000 0.0000 0.0000 0.0000 0.0000 10.0000 0.0000 -1.0000 0.0000 rect2p.dat
1 16  13.5000 14.0000 -7.0000 -2.5000 0.0000 0.0000 0.0000 0.0000 10.0000 0.0000 -1.0000 0.0000 rect2p.dat

1 16 0.0000  4.0000 0.0000 2.2500 0.0000 0.0000 0.0000 1.0000 0.0000 0.0000 0.0000 2.2500 4-4edge.dat
1 16 0.0000  4.0000 0.0000 4.0000 0.0000 0.0000 0.0000 1.0000 0.0000 0.0000 0.0000 4.0000 4-4edge.dat
1 16 0.0000 24.0000 0.0000 2.2500 0.0000 0.0000 0.0000 1.0000 0.0000 0.0000 0.0000 2.2500 4-4edge.dat
1 16 0.0000 24.0000 0.0000 4.0000 0.0000 0.0000 0.0000 1.0000 0.0000 0.0000 0.0000 4.0000 4-4edge.dat

0 BFC INVERTNEXT
1 16 0.0000 4.0000 0.0000 2.2500 0.0000 0.0000 0.0000 20.0000 0.0000 0.0000 0.0000 2.2500 4-4cyli.dat
1 16 0.0000 4.0000 0.0000 4.0000 0.0000 0.0000 0.0000 20.0000 0.0000 0.0000 0.0000 4.0000 4-4cyli.dat

0 BFC INVERTNEXT
1 16 0.0000 24.0000 0.0000 0.7500 0.0000 0.0000 0.0000 1.0000 0.0000 0.0000 0.0000 0.7500 ring3.dat
0 BFC INVERTNEXT
1 16 0.0000 24.0000 0.0000 1.0000 0.0000 0.0000 0.0000 1.0000 0.0000 0.0000 0.0000 1.0000 ring3.dat


0 // ORIGINAL DESIGN

0 // 0 BFC INVERTNEXT
0 // 1 16   0.0000 14.0000 -7.0000 -16.0000 0.0000 0.0000 0.0000 0.0000 -10.0000 0.0000 13.0000 0.0000 box4-2p.dat
0 // 1 16  10.0000 14.0000 -7.0000  -1.0000 0.0000 0.0000 0.0000 0.0000  10.0000 0.0000  1.0000 0.0000 box4-2p.dat
0 // 1 16   0.0000 14.0000 -7.0000  -1.0000 0.0000 0.0000 0.0000 0.0000  10.0000 0.0000  1.0000 0.0000 box4-2p.dat
0 // 1 16 -10.0000 14.0000 -7.0000   1.0000 0.0000 0.0000 0.0000 0.0000  10.0000 0.0000  1.0000 0.0000 box4-2p.dat
0 // 
0 // 1 16 -13.5000 14.0000 -7.0000 -2.5000 0.0000 0.0000 0.0000 0.0000 10.0000 0.0000 -1.0000 0.0000 rect2p.dat
0 // 1 16  -5.0000 14.0000 -7.0000 -4.0000 0.0000 0.0000 0.0000 0.0000 10.0000 0.0000 -1.0000 0.0000 rect2p.dat
0 // 1 16   5.0000 14.0000 -7.0000 -4.0000 0.0000 0.0000 0.0000 0.0000 10.0000 0.0000 -1.0000 0.0000 rect2p.dat
0 // 1 16  13.5000 14.0000 -7.0000 -2.5000 0.0000 0.0000 0.0000 0.0000 10.0000 0.0000 -1.0000 0.0000 rect2p.dat
0 // 
0 // 4 16 -16.0000 24.0000   6.0000 -16.0000 24.0000  -7.0000 -20.0000 24.0000 -10.0000 -20.0000 24.0000  10.0000
0 // 4 16  16.0000 24.0000  -7.0000  16.0000 24.0000   6.0000  20.0000 24.0000  10.0000  20.0000 24.0000 -10.0000
0 // 4 16  20.0000 24.0000 -10.0000 -20.0000 24.0000 -10.0000 -16.0000 24.0000  -7.0000  16.0000 24.0000  -7.0000
0 // 4 16  16.0000 24.0000   6.0000 -16.0000 24.0000   6.0000 -20.0000 24.0000  10.0000  20.0000 24.0000  10.0000
0 // 
0 // 1 16 0.0000  4.0000 0.0000 2.2500 0.0000 0.0000 0.0000 1.0000 0.0000 0.0000 0.0000 2.2500 4-4edge.dat
0 // 1 16 0.0000  4.0000 0.0000 4.0000 0.0000 0.0000 0.0000 1.0000 0.0000 0.0000 0.0000 4.0000 4-4edge.dat
0 // 1 16 0.0000 24.0000 0.0000 2.2500 0.0000 0.0000 0.0000 1.0000 0.0000 0.0000 0.0000 2.2500 4-4edge.dat
0 // 1 16 0.0000 24.0000 0.0000 4.0000 0.0000 0.0000 0.0000 1.0000 0.0000 0.0000 0.0000 4.0000 4-4edge.dat
0 // 
0 // 0 BFC INVERTNEXT
0 // 1 16 0.0000 4.0000 0.0000 2.2500 0.0000 0.0000 0.0000 20.0000 0.0000 0.0000 0.0000 2.2500 4-4cyli.dat
0 // 1 16 0.0000 4.0000 0.0000 4.0000 0.0000 0.0000 0.0000 20.0000 0.0000 0.0000 0.0000 4.0000 4-4cyli.dat
0 // 
0 // 0 BFC INVERTNEXT
0 // 1 16 0.0000 24.0000 0.0000 0.7500 0.0000 0.0000 0.0000 1.0000 0.0000 0.0000 0.0000 0.7500 ring3.dat
0 // 0 BFC INVERTNEXT
0 // 1 16 0.0000 24.0000 0.0000 1.0000 0.0000 0.0000 0.0000 1.0000 0.0000 0.0000 0.0000 1.0000 ring3.dat
