0 ~Slope 30 1 x 3 x 2/3 - Left / Right Side
0 Name: s\7825ebs02.dat
0 Author: Emmet Brickowski [EBrick]
0 !LDRAW_ORG Unofficial_Part
0 !LICENSE Licensed under CC BY 4.0 : see CAreadme.txt

0 BFC CERTIFY CCW
0 PE_TEX_PATH -1

0 // TRIANGULAR FACES (TYPE 3)

3 16 4 -4.6 -4 4 -4.6 -6 4 0 -6
3 16 0 -1 -10 0 -4 -10 0 -1 10

0 // QUADRILATERAL FACES (TYPE 4)

4 16 4 0 6 4 0 -6 1 0 -9 1 0 9
4 16 4 0 -6 4 0 6 4 -10.6 6 4 -4.6 -4
4 16 0 -1 -10 0 -1 10 1 -1 9 1 -1 -9
4 16 0 -13.6 6 0 -13.6 10 0 -1 10 0 -4 -10
4 16 .59 -15.01 8.35 2 -15.6 9.3333 2 -15.6 10 .59 -15.01 10
4 16 0 -13.6 6 .59 -15.01 8.35 .59 -15.01 10 0 -13.6 10

0 // SOLID EDGE OUTLINES (TYPE 2)

2 24 4 0 -6 4 0 6
2 24 0 -1 10 0 -1 -10
2 24 0 -1 10 0 -13.6 10
2 24 0 -13.6 6 0 -4 -10
2 24 .59 -15.01 8.35 0 -13.6 6
2 24 .59 -15.01 10 0 -13.6 10
2 24 2 -15.6 9.3333 .59 -15.01 8.35
2 24 .59 -15.01 10 2 -15.6 10

0 // CONDITIONAL EDGES (TYPE 5)

5 24 .59 -15.01 10 .59 -15.01 8.35 2 -15.6 9.3333 0 -13.6 10
5 24 0 -13.6 6 0 -13.6 10 .59 -15.01 8.35 0 -1 10
5 24 2 -15.6 9.3333 2 -15.6 10 .59 -15.01 10 10 -15.6 9.3333
