0 ~Slope 30 1 x 3 x 2/3 - Left / Right Side
0 Name: s\7825ebs04.dat
0 Author: Emmet Brickowski [EBrick]
0 !LDRAW_ORG Unofficial_Part
0 !LICENSE Licensed under CC BY 4.0 : see CAreadme.txt

0 BFC CERTIFY CCW
0 PE_TEX_PATH -1

0 // TRIANGULAR FACES (TYPE 3)

3 16 4.0000 -4.6000 -4.0000 4.0000 -4.6000 -6.0000 4.0000 0.0000 -6.0000
3 16 0.0000 -1.0000 -10.0000 0.0000 -4.0000 -10.0000 0.0000 -1.0000 10.0000

0 // QUADRILATERAL FACES (TYPE 4)

4 16 4.0000 0.0000 6.0000 4.0000 0.0000 -6.0000 1.0000 0.0000 -9.0000 1.0000 0.0000 9.0000
4 16 4.0000 0.0000 -6.0000 4.0000 0.0000 6.0000 4.0000 -10.6000 6.0000 4.0000 -4.6000 -4.0000
4 16 0.0000 -1.0000 -10.0000 0.0000 -1.0000 10.0000 1.0000 -1.0000 9.0000 1.0000 -1.0000 -9.0000
4 16 0.0000 -13.6000 6.0000 0.0000 -13.6000 10.0000 0.0000 -1.0000 10.0000 0.0000 -4.0000 -10.0000
4 16 0.5900 -15.0100 8.3500 2.0000 -15.6000 9.3333 2.0000 -15.6000 10.0000 0.5900 -15.0100 10.0000
4 16 0.0000 -13.6000 6.0000 0.5900 -15.0100 8.3500 0.5900 -15.0100 10.0000 0.0000 -13.6000 10.0000

0 // SOLID EDGE OUTLINES (TYPE 2)

2 24 4.0000 0.0000 -6.0000 4.0000 0.0000 6.0000
2 24 0.0000 -1.0000 10.0000 0.0000 -1.0000 -10.0000
2 24 0.0000 -1.0000 10.0000 0.0000 -13.6000 10.0000
2 24 0.0000 -13.6000 6.0000 0.0000 -4.0000 -10.0000
2 24 0.5900 -15.0100 8.3500 0.0000 -13.6000 6.0000
2 24 0.5900 -15.0100 10.0000 0.0000 -13.6000 10.0000
2 24 2.0000 -15.6000 9.3333 0.5900 -15.0100 8.3500
2 24 0.5900 -15.0100 10.0000 2.0000 -15.6000 10.0000

0 // CONDITIONAL EDGES (TYPE 5)

5 24 0.5900 -15.0100 10.0000 0.5900 -15.0100 8.3500 2.0000 -15.6000 9.3333 0.0000 -13.6000 10.0000
5 24 0.0000 -13.6000 6.0000 0.0000 -13.6000 10.0000 0.5900 -15.0100 8.3500 0.0000 -1.0000 10.0000
5 24 2.0000 -15.6000 9.3333 2.0000 -15.6000 10.0000 0.5900 -15.0100 10.0000 10.0000 -15.6000 9.3333
