0 ~Slope 30 1 x 3 x 2/3 - Without Front and Back Faces
0 Name: s\7825ebs01.dat
0 Author: Emmet Brickowski [EBrick]
0 !LDRAW_ORG Unofficial_Part
0 !LICENSE Licensed under CC BY 4.0 : see CAreadme.txt

0 BFC CERTIFY CCW
0 PE_TEX_PATH -1

0 // SUBFILE AND PRIMITIVE REFERENCES (TYPE 1)

0 BFC INVERTNEXT
1 16 0.0000 -2.3000 -5.0000 -26.0000 0.0000 0.0000 0.0000 0.0000 -2.3000 0.0000 -1.0000 0.0000 box2-5.dat
0 BFC INVERTNEXT
1 16 0.0000 -2.3000 1.0000 -26.0000 0.0000 0.0000 0.0000 -3.0000 -5.3000 0.0000 5.0000 0.0000 box2-7.dat
1 16 0.0000 -1.0000 0.0000 0.0000 0.0000 29.0000 0.0000 1.0000 0.0000 -9.0000 0.0000 0.0000 box4.dat
1 16 0.0000 -2.5000 -10.0000 -30.0000 0.0000 0.0000 0.0000 0.0000 1.5000 0.0000 1.0000 0.0000 rect.dat

1 16 10.0000 -4.6000 0.0000 0.0000 0.0000 -4.0000 0.0000 -2.4000 0.0000 -4.0000 0.0000 0.0000 4-4cylse.dat
1 16 10.0000 -4.6000 0.0000 1.0000 0.0000 0.0000 0.0000 -1.1500 0.0000 0.0000 0.0000 1.0000 stud3a.dat
1 16 -10.0000 -4.6000 0.0000 0.0000 0.0000 -4.0000 0.0000 -2.4000 0.0000 -4.0000 0.0000 0.0000 4-4cylse.dat
1 16 -10.0000 -4.6000 0.0000 1.0000 0.0000 0.0000 0.0000 -1.1500 0.0000 0.0000 0.0000 1.0000 stud3a.dat

0 // QUADRILATERAL FACES (TYPE 4)

4 16 -29.0000 0.0000 9.0000 29.0000 0.0000 9.0000 26.0000 0.0000 6.0000 -26.0000 0.0000 6.0000
4 16 26.0000 0.0000 -6.0000 29.0000 0.0000 -9.0000 -29.0000 0.0000 -9.0000 -26.0000 0.0000 -6.0000
4 16 29.0000 -1.0000 9.0000 -29.0000 -1.0000 9.0000 -30.0000 -1.0000 10.0000 30.0000 -1.0000 10.0000
4 16 -30.0000 -1.0000 -10.0000 -29.0000 -1.0000 -9.0000 29.0000 -1.0000 -9.0000 30.0000 -1.0000 -10.0000
4 16 -28.0000 -15.6000 10.0000 -28.0000 -15.6000 9.3333 28.0000 -15.6000 9.3333 28.0000 -15.6000 10.0000

0 // SOLID EDGE OUTLINES (TYPE 2)

2 24 -26.0000 0.0000 6.0000 26.0000 0.0000 6.0000
2 24 28.0000 -15.6000 10.0000 -28.0000 -15.6000 10.0000
2 24 -28.0000 -15.6000 9.3333 28.0000 -15.6000 9.3333
2 24 30.0000 -1.0000 10.0000 -30.0000 -1.0000 10.0000
