0 ~Slope 30 1 x 4 x 2/3 - Subpart Router
0 Name: s\7825ebs00.dat
0 Author: Emmet Brickowski [EBrick]
0 !LDRAW_ORG Unofficial_Subpart
0 !LICENSE Licensed under CC BY 4.0 : see CAreadme.txt

0 BFC CERTIFY CCW

1 16   0.0000 0.0000 0.0000  1.0000 0.0000 0.0000 0.0000 1.0000 0.0000 0.0000 0.0000 1.0000 s\7835ebs01.dat
1 16   0.0000 0.0000 0.0000  1.0000 0.0000 0.0000 0.0000 1.0000 0.0000 0.0000 0.0000 1.0000 s\7835ebs02.dat
1 16   0.0000 0.0000 0.0000  1.0000 0.0000 0.0000 0.0000 1.0000 0.0000 0.0000 0.0000 1.0000 s\7835ebs03.dat
1 16 -40.0000 0.0000 0.0000  1.0000 0.0000 0.0000 0.0000 1.0000 0.0000 0.0000 0.0000 1.0000 s\7825ebs04.dat
1 16  40.0000 0.0000 0.0000 -1.0000 0.0000 0.0000 0.0000 1.0000 0.0000 0.0000 0.0000 1.0000 s\7825ebs04.dat
