0 ~Slope Brick 30 2 x 1 x 2/3 Back Face
0 Name: s\85984ms03
0 Author: Emmet Brickowski [EBrick]

0 BFC CERTIFY CCW

0 !PE_TEX_PATH -1
0 !PE_TEX_INFO 0.0000 -8.2400 9.1400 -40.2001 0.0000 0.0000 0.0000 0.0000 -14.8126 0.0000 -2.2000 0.0000 -20.0000 7.2400 20.0000 -7.3600 [REPLACE WITH BASE64]

3 16 19.410 -15.010 10.000 20.000 -13.600 10.000 18.000 -15.600 10.000
3 16 -18.000 -15.600 10.000 -20.000 -13.600 10.000 -19.410 -15.010 10.000
3 16 18.000 -15.600 10.000 20.000 -13.600 10.000 -18.000 -15.600 10.000
3 16 -20.000 -13.600 10.000 -18.000 -15.600 10.000 20.000 -13.600 10.000
3 16 20.000 -13.600 10.000 20.000 -1.000 10.000 -20.000 -13.600 10.000
3 16 -20.000 -1.000 10.000 -20.000 -13.600 10.000 20.000 -1.000 10.000