0 ~Slope 30 2 x 1 x 2/3 Front Face
0 Name: 85984ebs01
0 Author: Emmet Brickowski [EBrick]
0 !LDRAW_ORG Unofficial_Part
0 !LICENSE Licensed under CC BY 4.0 : see CAreadme.txt

0 BFC CERTIFY CCW
0 PE_TEX_PATH -1

0 // DECAL TEXTURE (PE_TEX_INFO)
0 // ANGLE: 30.96°
0 // DIMENSIONS (W x L x H): 2 x 1.127 x 0 IN STUDS
0 // IMAGE SIZE: 800px x 460px

0 // PE_TEX_INFO 0.0000 -9.2286 0.1435 40.2000 0.0000 0.0000 0.0000 1.8858 -11.9489 0.0000 1.1331 19.8863 -20.0000 11.3762 20.0000 -11.1702 [BASE64]

0 // TRIANGULAR FACES (TYPE 3)

3 16 -18.0000 -15.6000 9.3333 -18.8005 -15.3447 8.9079 -19.4394 -14.9887 8.3146
3 16 -18.0000 -15.6000 9.3333 -19.4394 -14.9887 8.3146 -19.8702 -14.5579 7.5965
3 16 -18.0000 -15.6000 9.3333 -19.8702 -14.5579 7.5965 -20.0000 -14.0835 6.8058
3 16 -18.0000 -15.6000 9.3333 -20.0000 -14.0835 6.8058 -20.0000 -13.6000 6.0000
3 16 18.8005 -15.3447 8.9079 18.0000 -15.6000 9.3333 19.4394 -14.9887 8.3146
3 16 19.4394 -14.9887 8.3146 18.0000 -15.6000 9.3333 19.8702 -14.5579 7.5965
3 16 19.8702 -14.5579 7.5965 18.0000 -15.6000 9.3333 20.0000 -14.0835 6.8058
3 16 20.0000 -14.0835 6.8058 18.0000 -15.6000 9.3333 20.0000 -13.6000 6.0000

0 // QUADRILATERAL FACES (TYPE 4)

4 16 -18.0000 -15.6000 9.3333 -20.0000 -13.6000 6.0000 20.0000 -13.6000 6.0000 18.0000 -15.6000 9.3333
4 16 -20.0000 -4.0000 -10.0000 20.0000 -4.0000 -10.0000 20.0000 -13.6000 6.0000 -20.0000 -13.6000 6.0000

0 // CONDITIONAL EDGES (TYPE 5)

5 16 -18.0000 -15.6000 9.3333 -19.4394 -14.9887 8.3146 -18.8005 -15.3447 8.9079 -19.8702 -14.5579 7.5965
5 16 -18.0000 -15.6000 9.3333 -19.8702 -14.5579 7.5965 -19.4394 -14.9887 8.3146 -20.0000 -14.0835 6.8058
5 16 -18.0000 -15.6000 9.3333 -20.0000 -14.0835 6.8058 -19.8702 -14.5579 7.5965 -20.0000 -13.6000 6.0000
5 16 19.4394 -14.9887 8.3146 18.0000 -15.6000 9.3333 18.8005 -15.3447 8.9079 19.8702 -14.5579 7.5965
5 16 19.8702 -14.5579 7.5965 18.0000 -15.6000 9.3333 19.4394 -14.9887 8.3146 20.0000 -14.0835 6.8058
5 16 20.0000 -14.0835 6.8058 18.0000 -15.6000 9.3333 19.8702 -14.5579 7.5965 20.0000 -13.6000 6.0000