0 ~Slope 30 2 x 1 x 2/3 Inner Top Surface
0 Name: 85984ebs01
0 Author: Emmet Brickowski [EBrick]
0 !LDRAW_ORG Unofficial_Part
0 !LICENSE Licensed under CC BY 4.0 : see CAreadme.txt

0 BFC CERTIFY CCW

0 PE_TEX_PATH -1

0 // TRIANGULAR FACES (TYPE 3)

3 16 -12.2960 -3.6740 -5.5430 -13.1090 -4.0000 -5.0000 -12.2960 -4.0000 -5.5430
3 16 -7.7040 -4.0000 -5.5430 -6.8910 -4.0000 -5.0000 -7.7040 -3.6740 -5.5430
3 16 7.7040 -3.6740 -5.5430 6.8910 -4.0000 -5.0000 7.7040 -4.0000 -5.5430
3 16 12.2960 -4.0000 -5.5430 13.1090 -4.0000 -5.0000 12.2960 -3.6740 -5.5430
3 16 -12.2960 -4.0000 -5.5430 -7.7040 -4.0000 -5.5430 -10.0000 -4.0000 -6.0000
3 16 10.0000 -4.0000 -6.0000 7.7040 -4.0000 -5.5430 12.2960 -4.0000 -5.5430
3 16 -13.1090 -4.0000 -5.0000 -12.2960 -3.6740 -5.5430 -16.0000 -3.4000 -6.0000
3 16 -10.0000 -3.4000 -6.0000 -16.0000 -3.4000 -6.0000 -12.2960 -3.6740 -5.5430
3 16 12.2960 -3.6740 -5.5430 16.0000 -3.4000 -6.0000 10.0000 -3.4000 -6.0000
3 16 13.1090 -4.0000 -5.0000 16.0000 -3.4000 -6.0000 12.2960 -3.6740 -5.5430
3 16 -13.1090 -4.0000 -5.0000 -16.0000 -3.4000 -6.0000 -16.0000 -10.6000 6.0000
3 16 -6.8910 -4.0000 -5.0000 -13.1090 -4.0000 -5.0000 -16.0000 -10.6000 6.000
3 16 16.0000 -10.6000 6.0000 16.0000 -3.4000 -6.0000 13.1090 -4.0000 -5.0000
3 16 16.0000 -10.6000 6.0000 13.1090 -4.0000 -5.0000 6.8910 -4.0000 -5.0000

0 // QUADRILATERAL FACES (TYPE 4)

4 16 -12.2960 -4.0000 -5.5430 -10.0000 -4.0000 -6.0000 -10.0000 -3.4000 -6.0000 -12.2960 -3.6740 -5.5430
4 16 -10.0000 -4.0000 -6.0000 -7.7040 -4.0000 -5.5430 -7.7040 -3.6740 -5.5430 -10.0000 -3.4000 -6.0000
4 16 -12.2960 -4.0000 -5.5430 -13.1090 -4.0000 -5.0000 -6.8910 -4.0000 -5.0000 -7.7040 -4.0000 -5.5430
4 16 7.7040 -4.0000 -5.5430 10.0000 -4.0000 -6.0000 10.0000 -3.4000 -6.0000 7.7040 -3.6740 -5.5430
4 16 10.0000 -4.0000 -6.0000 12.2960 -4.0000 -5.5430 12.2960 -3.6740 -5.5430 10.0000 -3.4000 -6.0000
4 16 7.7040 -4.0000 -5.5430 6.8910 -4.0000 -5.0000 13.1090 -4.0000 -5.0000 12.2960 -4.0000 -5.5430
4 16 6.8910 -4.0000 -5.0000 7.7040 -3.6740 -5.5430 -7.7040 -3.6740 -5.5430 -6.8910 -4.0000 -5.0000
4 16 7.7040 -3.6740 -5.5430 10.0000 -3.4000 -6.0000 -10.0000 -3.4000 -6.0000 -7.7040 -3.6740 -5.5430
4 16 16.0000 -10.6000 6.0000 6.8910 -4.0000 -5.0000 -6.8910 -4.0000 -5.0000 -16.0000 -10.6000 6.0000