0 ~Slope 30 1 x 2 x 2/3 without Front Face and Back Face
0 Name: s\85984ebs01.dat
0 Author: Emmet Brickowski [EBrick]
0 !LDRAW_ORG Unofficial_Part
0 !LICENSE Licensed under CC BY 4.0 : see CAreadme.txt

0 BFC CERTIFY CCW
0 PE_TEX_PATH -1

0 // SUBFILE AND PRIMITIVE REFERENCES (TYPE 1)

0 BFC INVERTNEXT
1 16 0.0000 -2.3000 1.0000 -16.0000 0.0000 0.0000 0.0000 -3.0000 -5.3000 0.0000 5.0000 0.0000 box2-7.dat
0 BFC INVERTNEXT
1 16 0.0000 -2.3000 -5.0000 -16.0000 0.0000 0.0000 0.0000 0.0000 -2.3000 0.0000 -1.0000 0.0000 box2-5.dat
1 16 0.0000 -1.0000 0.0000 0.0000 0.0000 19.0000 0.0000 1.0000 0.0000 -9.0000 0.0000 0.0000 box4.dat
1 16 0.0000 -2.5000 -10.0000 -20.0000 0.0000 0.0000 0.0000 0.0000 1.5000 0.0000 1.0000 0.0000 rect.dat

1 16 0 -4.6 0 0 0 -4 0 -2.4 0 -4 0 0 4-4cylse.dat
1 16 0 -4.6 0 1 0 0 0 -1.15 0 0 0 1 stud3a.dat

0 // QUADRILATERAL FACES (TYPE 4)

4 16 -19.0000 0.0000 9.0000 19.0000 0.0000 9.0000 16.0000 0.0000 6.0000 -16.0000 0.0000 6.0000
4 16 16.0000 0.0000 -6.0000 19.0000 0.0000 -9.0000 -19.0000 0.0000 -9.0000 -16.0000 0.0000 -6.0000
4 16 19.0000 -1.0000 9.0000 -19.0000 -1.0000 9.0000 -20.0000 -1.0000 10.0000 20.0000 -1.0000 10.0000
4 16 -20.0000 -1.0000 -10.0000 -19.0000 -1.0000 -9.0000 19.0000 -1.0000 -9.0000 20.0000 -1.0000 -10.0000
4 16 -18.0000 -15.6000 10.0000 -18.0000 -15.6000 9.3333 18.0000 -15.6000 9.3333 18.0000 -15.6000 10.0000

0 // SOLID EDGE OUTLINES (TYPE 2)

2 24 -16.0000 0.0000 6.0000 16.0000 0.0000 6.0000
2 24 18.0000 -15.6000 10.0000 -18.0000 -15.6000 10.0000
2 24 -18.0000 -15.6000 9.3333 18.0000 -15.6000 9.3333
2 24 20.0000 -1.0000 10.0000 -20.0000 -1.0000 10.0000
