0 ~Slope Brick 30 2 x 1 x 2/3 Slope Face
0 Name: s\85984ms02
0 Author: Emmet Brickowski [EBrick]

0 BFC CERTIFY CCW

0 !PE_TEX_PATH -1
0 !PE_TEX_INFO 0.0000 -9.2286 0.0635 40.2000 0.0000 0.0000 0.0000 1.8858 -11.7261 0.0000 1.1331 19.5155 -20.0000 11.3075 20.0000 -11.2386 [REPLACE WITH BASE64]

3 16 18.000 -15.600 9.347 20.000 -13.600 6.014 19.410 -15.010 8.364
3 16 -19.410 -15.010 8.364 -20.000 -13.600 6.014 -18.000 -15.600 9.347
3 16 20.000 -13.600 6.014 18.000 -15.600 9.347 -20.000 -13.600 6.014
3 16 -18.000 -15.600 9.347 -20.000 -13.600 6.014 18.000 -15.600 9.347
3 16 20.000 -13.600 6.014 -20.000 -13.600 6.014 20.000 -4.000 -9.987
3 16 -20.000 -4.000 -9.987 20.000 -4.000 -9.987 -20.000 -13.600 6.014