0 ~Plate 1 x 1 x 2/3 - Open Stud
0 Name: s\86997ebs06.dat
0 Modified: Emmet Brickowski [EBrick]
0 !LDRAW_ORG Unofficial_Subpart
0 !LICENSE Licensed under CC BY 4.0 : see CAreadme.txt

0 BFC CERTIFY CCW

1 16 0.0000 4.0000 0.0000 4.0000 0.0000 0.0000 0.0000 -1.0000 0.0000 0.0000 0.0000 4.0000 4-4edge.dat
1 16 0.0000 4.0000 0.0000 4.0000 0.0000 0.0000 0.0000 -1.0000 0.0000 0.0000 0.0000 4.0000 4-4ndis.dat

0 BFC INVERTNEXT
1 16 0.0000 4.0000 0.0000 4.0000 0.0000 0.0000 0.0000 -4.0000 0.0000 0.0000 0.0000 4.0000 4-4cyli.dat

1 16 0.0000 0.0000 0.0000 1.0000 0.0000 0.0000 0.0000 1.0000 0.0000 0.0000 0.0000 1.0000 stud2a.dat
1 16 0.0000 0.0000 0.0000 6.0000 0.0000 0.0000 0.0000 1.0000 0.0000 0.0000 0.0000 6.0000 4-4edge.dat
1 16 0.0000 0.0000 0.0000 6.0000 0.0000 0.0000 0.0000 1.0000 0.0000 0.0000 0.0000 6.0000 4-4ndis.dat
