0 ~Wedge 4 x 4 with Stud Notches - Without Front, Right, Right Compound, Left, and Left Compound Faces
0 Name: s\93348ebs01.dat
0 Author: Michael Heidemann [mikeheide]
0 Modified: Emmet Brickowski [EBrick]
0 !LDRAW_ORG Unofficial_Subpart
0 !LICENSE Licensed under CC BY 4.0 : see CAreadme.txt

0 BFC CERTIFY CCW

1 16  30.0000 14.0000 -10.0000 -1.0000 0.0000 0.0000 0.0000 0.0000 10.0000 0.0000  4.0000  0.0000 box4-2p.dat
1 16 -30.0000 14.0000 -10.0000 -1.0000 0.0000 0.0000 0.0000 0.0000 10.0000 0.0000  4.0000  0.0000 box4-2p.dat
1 16  18.0000 11.1700 -20.0000 -2.0000 0.0000 0.0000 0.0000 4.8400  0.0000 0.0000  0.0000 -1.0000 box2-5.dat
1 16  18.0000 10.8400 -19.0000  2.0000 0.0000 0.0000 0.0000 0.0000 -5.1700 0.0000 -1.0000  0.0000 rect.dat

4 16 16.0000 6.3300 -21.0000 16.0000 5.6700 -19.0000 16.0000 16.0000 -19.0000 16.0000 16.0000 -21.0000

2 24 16.0000 6.3300 -21.0000 16.0000 5.6700 -19.0000

1 16 -18.0000 11.1700 -20.0000  2.0000 0.0000 0.0000 0.0000 4.8400  0.0000 0.0000  0.0000 -1.0000 box2-5.dat
1 16 -18.0000 10.8400 -19.0000 -2.0000 0.0000 0.0000 0.0000 0.0000 -5.1700 0.0000 -1.0000  0.0000 rect.dat

4 16 -16.0000 16.0000 -21.0000 -16.0000 16.0000 -19.0000 -16.0000 5.6700 -19.0000 -16.0000 6.3300 -21.0000

2 24 -16.0000 6.3300 -21.0000 -16.0000 5.6700 -19.0000

1 16 10.0000 12.0000 -28.0000 1.0000 0.0000 0.0000 0.0000 4.0000 0.0000 0.0000 0.0000 2.0000 box2-7.dat

4 16 11.0000 9.3300 -30.0000 11.0000 16.0000 -30.0000 11.0000 16.0000 -26.0000 11.0000 8.0000 -26.0000
4 16  9.0000 8.0000 -26.0000  9.0000 16.0000 -26.0000  9.0000 16.0000 -30.0000  9.0000 9.3300 -30.0000

1 16 10.0000 12.6650 -30.0000 1.0000 0.0000 0.0000 0.0000 0.0000  3.3350 0.0000 -1.0000 0.0000 recte3.dat
1 16 10.0000  8.6650 -28.0000 1.0000 0.0000 0.0000 0.0000 1.0000 -0.6650 0.0000  0.0000 2.0000 recte3.dat

1 16 -10.0000 12.0000 -28.0000 1.0000 0.0000 0.0000 0.0000 4.0000 0.0000 0.0000 0.0000 2.0000 box2-7.dat

4 16 -11.0000 8.0000 -26.0000 -11.0000 16.0000 -26.0000 -11.0000 16.0000 -30.0000 -11.0000 9.3300 -30.0000
4 16  -9.0000 9.3300 -30.0000  -9.0000 16.0000 -30.0000  -9.0000 16.0000 -26.0000  -9.0000 8.0000 -26.0000

1 16 -10.0000 12.6650 -30.0000 1.0000 0.0000 0.0000 0.0000 0.0000  3.3350 0.0000 -1.0000 0.0000 recte3.dat
1 16 -10.0000  8.6650 -28.0000 1.0000 0.0000 0.0000 0.0000 1.0000 -0.6650 0.0000  0.0000 2.0000 recte3.dat

1 16 0.0000  7.3330 -20.0000 0.0000 0.0000 4.0000 0.0000 -1.3330 0.0000 -4.0000 0.0000 0.0000 4-4cylse.dat
1 16 0.0000  7.3330 -20.0000 1.0000 0.0000 0.0000 0.0000 -2.1668 0.0000  0.0000 0.0000 1.0000 stud3a.dat
1 16 0.0000 18.6670 -50.0000 0.0000 0.0000 1.0000 0.0000  2.6670 0.0000 -1.0000 0.0000 0.0000 stud4s.dat
1 16 0.0000 18.6670 -50.0000 1.0000 0.0000 0.0000 0.0000 -1.3333 0.0000  0.0000 0.0000 1.0000 stud4a.dat

1 16 30.0000 12.0000 0.0000 10.0000 0.0000 0.0000 0.0000 -12.0000 0.0000 0.0000 0.0000 10.0000 box2-7.dat

2 24 40.0000 24.0000  10.0000 40.0000 24.0000 -10.0000
2 24 40.0000 24.0000 -10.0000 40.0000  0.0000 -10.0000
2 24 40.0000 24.0000  10.0000 40.0000  0.0000  10.0000

1 16 -30.0000 12.0000 0.0000 -10.0000 0.0000 0.0000 0.0000 -12.0000 0.0000 0.0000 0.0000 10.0000 box2-7.dat

2 24 -40.0000 24.0000  10.0000 -40.0000 24.0000 -10.0000
2 24 -40.0000 24.0000 -10.0000 -40.0000  0.0000 -10.0000
2 24 -40.0000 24.0000  10.0000 -40.0000  0.0000  10.0000

1 16   0.0000 8.0000 -12.0000 20.0000 0.0000  0.0000 0.0000 8.0000 0.0000 0.0000 0.0000 2.0000 box2-5.dat

0 BFC INVERTNEXT
1 16 0.0000 12.6665 -22.0000 -20.0000 0.0000 0.0000 0.0000 -6.0000 -2.6665 0.0000  0.0000   8.0000 box2-7.dat
1 16 0.0000 16.6665 -30.0000 -20.0000 0.0000 0.0000 0.0000  0.0000 -7.3335 0.0000 -1.0000   0.0000 rect3.dat
1 16 0.0000 24.0000 -10.0000  20.0000 0.0000 0.0000 0.0000  1.0000  0.0000 0.0000  0.0000 -20.0000 recte3.dat

4 16 -20.0000 16.0000 -10.0000 -20.0000 24.0000  10.0000 -20.0000  0.0000  10.0000 -20.0000  0.0000 -10.0000
4 16 -20.0000 24.0000  10.0000 -20.0000 16.0000 -10.0000 -20.0000 16.0000 -14.0000 -20.0000 24.0000 -30.0000
4 16 -20.0000  4.0000 -14.0000 -20.0000  9.3330 -30.0000 -20.0000 24.0000 -30.0000 -20.0000 16.0000 -14.0000
4 16  20.0000 24.0000  10.0000  20.0000 16.0000 -10.0000  20.0000  0.0000 -10.0000  20.0000  0.0000  10.0000
4 16  20.0000 24.0000 -30.0000  20.0000 16.0000 -14.0000  20.0000 16.0000 -10.0000  20.0000 24.0000  10.0000
4 16  20.0000  9.3330 -30.0000  20.0000  4.0000 -14.0000  20.0000 16.0000 -14.0000  20.0000 24.0000 -30.0000

0 BFC INVERTNEXT
1 16 0.0000 21.8332 -47.0000 16.0000 0.0000 0.0000 0.0000 -6.8335 -4.6667 0.0000 0.0000 14.0000 box2-7.dat
1 16 0.0000 24.0000 -47.0000 16.0000 0.0000 0.0000 0.0000  1.0000  0.0000 0.0000 0.0000 14.0000 recte3.dat

4 16 -16.0000 10.3330 -33.0000 -16.0000 19.6670 -61.0000 -16.0000 24.0000 -61.0000 -16.0000 24.0000 -33.0000
4 16  16.0000 19.6670 -61.0000  16.0000 10.3330 -33.0000  16.0000 24.0000 -33.0000  16.0000 24.0000 -61.0000
3 16  20.0000 19.6670 -61.0000  19.6670 20.0000 -62.0000  16.0000 19.6670 -61.0000
4 16  16.0000 19.6670 -61.0000  19.6670 20.0000 -62.0000 -19.6670 20.0000 -62.0000 -16.0000 19.6670 -61.0000
3 16 -16.0000 19.6670 -61.0000 -19.6670 20.0000 -62.0000 -20.0000 19.6670 -61.0000
4 16  19.6670 20.0000 -62.0000  18.3330 20.0000 -66.0000 -18.3330 20.0000 -66.0000 -19.6670 20.0000 -62.0000

1 16 -18.0000 21.8335 -61.0000 0.0000 0.0000 -2.0000 -2.1665 0.0000 0.0000 0.0000 1.0000 0.0000 rect.dat

3 16 -20.0000 19.6670 -61.0000 -19.6670 20.0000 -62.0000 -20.0000 24.0000 -61.0000
4 16 -19.6670 20.0000 -62.0000 -18.3330 20.0000 -66.0000 -18.3330 24.0000 -66.0000 -20.0000 24.0000 -61.0000

1 16 0.0000 22.0000 -66.0000 0.0000 0.0000 -18.3330 2.0000 0.0000 0.0000 0.0000 -1.0000 0.0000 rect.dat

4 16 20.0000 24.0000 -61.0000 18.3330 24.0000 -66.0000 18.3330 20.0000 -66.0000 19.6670 20.0000 -62.0000
3 16 20.0000 24.0000 -61.0000 19.6670 20.0000 -62.0000 20.0000 19.6670 -61.0000

1 16 18.0000 21.8335 -61.0000 0.0000 0.0000 -2.0000 -2.1665 0.0000 0.0000 0.0000 1.0000 0.0000 rect.dat

2 24 -20.0000 24.0000 -61.0000 -18.3330 24.0000 -66.0000
2 24  18.3330 24.0000 -66.0000  20.0000 24.0000 -61.0000
2 24  19.6670 20.0000 -62.0000  18.3330 20.0000 -66.0000
2 24 -18.3330 20.0000 -66.0000 -19.6670 20.0000 -62.0000
2 24 -19.6670 20.0000 -62.0000  19.6670 20.0000 -62.0000
2 24 -20.0000 19.6670 -61.0000 -19.6670 20.0000 -62.0000
2 24  19.6670 20.0000 -62.0000  20.0000 19.6670 -61.0000

1 16 -29.0000 13.8300 -13.0000 0.0000 0.0000  7.0000 10.1700 0.0000 0.0000 0.0000  1.0000 0.0000 rect.dat
1 16 -20.0000 17.1650 -33.0000 0.0000 0.0000 -2.0000 -6.8350 0.0000 0.0000 0.0000  1.0000 0.0000 rect.dat
1 16 -19.3350 21.5000 -59.0000 0.0000 0.0000  1.3350 -2.5000 0.0000 0.0000 0.0000 -1.0000 0.0000 rect.dat

4 16 -22.0000 24.0000 -13.0000 -22.0000 24.0000 -33.0000 -22.0000 10.3300 -33.0000 -22.0000  3.6600 -13.0000
4 16 -18.0000 24.0000 -33.0000 -18.0000 24.0000 -59.0000 -18.0000 19.0000 -59.0000 -18.0000 10.3300 -33.0000
4 16 -35.1974 24.0000 -15.4079 -36.0000 24.0000 -13.0000 -36.0000  3.6670 -13.0000 -35.1974 20.0000 -15.4079
3 16 -35.1974 20.0000 -15.4079 -36.0000  3.6670 -13.0000 -31.4026 20.0000 -26.7921
3 16 -31.4026 20.0000 -26.7921 -36.0000  3.6670 -13.0000 -29.1973 20.0000 -33.4078
4 16 -29.1973 20.0000 -33.4078 -36.0000  3.6670 -13.0000 -20.6670 19.0000 -59.0000 -25.4025 20.0000 -44.7920
4 16 -20.6670 24.0000 -59.0000 -25.4025 24.0000 -44.7920 -25.4025 20.0000 -44.7920 -20.6670 19.0000 -59.0000
3 16 -36.0000  3.6670 -13.0000 -22.0000  3.6660 -13.0000 -22.0000 10.3330 -33.0000
3 16 -36.0000  3.6670 -13.0000 -22.0000 10.3330 -33.0000 -20.6670 19.0000 -59.0000
4 16 -20.6670 19.0000 -59.0000 -22.0000 10.3330 -33.0000 -18.0000 10.3330 -33.0000 -18.0000 19.0000 -59.0000

2 24 -22.0000 24.0000 -13.0000 -22.0000 24.0000 -33.0000
2 24 -18.0000 24.0000 -33.0000 -18.0000 24.0000 -59.0000
2 24 -22.0000  3.6600 -13.0000 -22.0000 10.3300 -33.0000
2 24 -18.0000 10.3300 -33.0000 -18.0000 19.0000 -59.0000
2 24 -20.6700 19.0000 -59.0000 -36.0000  3.6600 -13.0000
2 24 -35.1974 24.0000 -15.4079 -36.0000 24.0000 -13.0000
2 24 -20.6670 24.0000 -59.0000 -25.4025 24.0000 -44.7920

1 16 29.0000 13.8300 -13.0000 0.0000 0.0000  7.0000 10.1700 0.0000 0.0000 0.0000  1.0000 0.0000 rect.dat
1 16 20.0000 17.1650 -33.0000 0.0000 0.0000 -2.0000 -6.8350 0.0000 0.0000 0.0000  1.0000 0.0000 rect.dat
1 16 19.3350 21.5000 -59.0000 0.0000 0.0000  1.3350 -2.5000 0.0000 0.0000 0.0000 -1.0000 0.0000 rect.dat

4 16 22.0000  3.6600 -13.0000 22.0000 10.3300 -33.0000 22.0000 24.0000 -33.0000 22.0000 24.0000 -13.0000
4 16 18.0000 10.3300 -33.0000 18.0000 19.0000 -59.0000 18.0000 24.0000 -59.0000 18.0000 24.0000 -33.0000
4 16 35.1974 20.0000 -15.4079 36.0000  3.6670 -13.0000 36.0000 24.0000 -13.0000 35.1974 24.0000 -15.4079
3 16 31.4026 20.0000 -26.7921 36.0000  3.6670 -13.0000 35.1974 20.0000 -15.4079
3 16 29.1973 20.0000 -33.4078 36.0000  3.6670 -13.0000 31.4026 20.0000 -26.7921
4 16 25.4025 20.0000 -44.7920 20.6670 19.0000 -59.0000 36.0000  3.6670 -13.0000 29.1973 20.0000 -33.4078
4 16 20.6670 19.0000 -59.0000 25.4025 20.0000 -44.7920 25.4025 24.0000 -44.7920 20.6670 24.0000 -59.0000
3 16 22.0000 10.3330 -33.0000 22.0000  3.6660 -13.0000 36.0000  3.6670 -13.0000
3 16 20.6670 19.0000 -59.0000 22.0000 10.3330 -33.0000 36.0000  3.6670 -13.0000
4 16 18.0000 19.0000 -59.0000 18.0000 10.3330 -33.0000 22.0000 10.3330 -33.0000 20.6670 19.0000 -59.0000

2 24 22.0000 24.0000 -13.0000 22.0000 24.0000 -33.0000
2 24 18.0000 24.0000 -33.0000 18.0000 24.0000 -59.0000
2 24 22.0000  3.6600 -13.0000 22.0000 10.3300 -33.0000
2 24 18.0000 10.3300 -33.0000 18.0000 19.0000 -59.0000
2 24 20.6700 19.0000 -59.0000 36.0000  3.6600 -13.0000
2 24 35.1974 24.0000 -15.4079 36.0000 24.0000 -13.0000
2 24 20.6670 24.0000 -59.0000 25.4025 24.0000 -44.7920

1 16 0.0000 22.0000 -70.0000 0.0000 0.0000 -20.0000 -2.0000 0.0000 0.0000 0.0000 1.0000 0.0000 rect.dat

2 24 -40.0000  0.0000 -10.0000 -20.0000 20.0000 -70.0000
2 24 -40.0000 24.0000 -10.0000 -37.8974 24.0000 -16.3079
2 24 -20.0000 24.0000 -70.0000 -28.1026 24.0000 -45.6921
2 24  40.0000  0.0000 -10.0000  20.0000 20.0000 -70.0000
2 24  40.0000 24.0000 -10.0000  37.8974 24.0000 -16.3079
2 24  20.0000 24.0000 -70.0000  28.1026 24.0000 -45.6921

0 BFC INVERTNEXT
1 16 -34.6500 22.0000 -21.5500  1.3500 0.0000 -1.8974 0.0000 -2.0000 0.0000  0.4500 0.0000  5.6921 box2-5.dat
0 BFC INVERTNEXT
1 16 -28.6500 22.0000 -39.5500 -1.3500 0.0000  1.8974 0.0000 -2.0000 0.0000 -0.4500 0.0000 -5.6921 box2-5.dat
1 16 -31.6500 20.0000 -30.5500  1.1026 0.0000  1.3500 0.0000  4.0000 0.0000 -3.3079 0.0000  0.4500 box5-4a.dat

0 BFC INVERTNEXT
1 16 34.6500 22.0000 -21.5500  1.3500 0.0000  1.8974 0.0000 -2.0000 0.0000 -0.4500 0.0000  5.6921 box2-5.dat
0 BFC INVERTNEXT
1 16 28.6500 22.0000 -39.5500 -1.3500 0.0000 -1.8974 0.0000 -2.0000 0.0000  0.4500 0.0000 -5.6921 box2-5.dat
1 16 31.6500 20.0000 -30.5500 -1.1026 0.0000  1.3500 0.0000  4.0000 0.0000 -3.3079 0.0000 -0.4500 box5-4a.dat

0 BFC INVERTNEXT
1 16 30.0000 24.0000  -2.0000 6.0000 0.0000 0.0000  0.0000 -20.0000 0.0000 0.0000  0.0000 8.0000 box4-1.dat
1 16 26.5000 14.0000 -10.0000 0.0000 0.0000 2.5000 10.0000   0.0000 0.0000 0.0000 -1.0000 0.0000 rect1.dat
1 16 33.5000 14.0000 -10.0000 0.0000 0.0000 2.5000 10.0000   0.0000 0.0000 0.0000 -1.0000 0.0000 rect1.dat

0 BFC INVERTNEXT
1 16 -30.0000 24.0000  -2.0000 6.0000 0.0000 0.0000  0.0000 -20.0000 0.0000 0.0000  0.0000 8.0000 box4-1.dat
1 16 -26.5000 14.0000 -10.0000 0.0000 0.0000 2.5000 10.0000   0.0000 0.0000 0.0000 -1.0000 0.0000 rect1.dat
1 16 -33.5000 14.0000 -10.0000 0.0000 0.0000 2.5000 10.0000   0.0000 0.0000 0.0000 -1.0000 0.0000 rect1.dat

4 16 -20.0000 24.0000 -70.0000 -18.3330 24.0000 -66.0000  18.3330 24.0000 -66.0000  20.0000 24.0000 -70.0000
3 16 -20.0000 24.0000 -70.0000 -20.0000 24.0000 -61.0000 -18.3330 24.0000 -66.0000
4 16 -20.0000 24.0000 -70.0000 -28.1026 24.0000 -45.6921 -20.6670 24.0000 -59.0000 -20.0000 24.0000 -61.0000
3 16 -28.1026 24.0000 -45.6921 -25.4025 24.0000 -44.7920 -20.6670 24.0000 -59.0000
3 16  18.3330 24.0000 -66.0000  20.0000 24.0000 -61.0000  20.0000 24.0000 -70.0000
4 16  20.0000 24.0000 -61.0000  20.6670 24.0000 -59.0000  28.1026 24.0000 -45.6921  20.0000 24.0000 -70.0000
3 16  20.6670 24.0000 -59.0000  25.4025 24.0000 -44.7920  28.1026 24.0000 -45.6921
4 16  20.6670 24.0000 -59.0000  20.0000 24.0000 -61.0000  16.0000 24.0000 -61.0000  18.0000 24.0000 -59.0000
4 16 -18.0000 24.0000 -59.0000 -16.0000 24.0000 -61.0000 -20.0000 24.0000 -61.0000 -20.6670 24.0000 -59.0000
4 16  18.0000 24.0000 -59.0000  16.0000 24.0000 -61.0000  16.0000 24.0000 -33.0000  18.0000 24.0000 -33.0000
4 16 -18.0000 24.0000 -33.0000 -16.0000 24.0000 -33.0000 -16.0000 24.0000 -61.0000 -18.0000 24.0000 -59.0000
3 16 -22.0000 24.0000 -33.0000 -20.0000 24.0000 -30.0000 -18.0000 24.0000 -33.0000
3 16 -18.0000 24.0000 -33.0000 -20.0000 24.0000 -30.0000 -16.0000 24.0000 -33.0000
4 16 -16.0000 24.0000 -33.0000 -20.0000 24.0000 -30.0000  20.0000 24.0000 -30.0000  16.0000 24.0000 -33.0000
3 16  16.0000 24.0000 -33.0000  20.0000 24.0000 -30.0000  18.0000 24.0000 -33.0000
3 16  18.0000 24.0000 -33.0000  20.0000 24.0000 -30.0000  22.0000 24.0000 -33.0000

4 16 -22.0000 24.0000 -13.0000 -20.0000 24.0000  10.0000 -20.0000 24.0000 -30.0000 -22.0000 24.0000 -33.0000
4 16 -22.0000 24.0000 -13.0000 -24.0000 24.0000 -10.0000 -24.0000 24.0000   6.0000 -20.0000 24.0000  10.0000
4 16 -20.0000 24.0000  10.0000 -24.0000 24.0000   6.0000 -36.0000 24.0000   6.0000 -40.0000 24.0000  10.0000
4 16 -40.0000 24.0000  10.0000 -36.0000 24.0000   6.0000 -36.0000 24.0000 -10.0000 -40.0000 24.0000 -10.0000
3 16 -29.0000 24.0000 -10.0000 -24.0000 24.0000 -10.0000 -22.0000 24.0000 -13.0000
3 16 -22.0000 24.0000 -13.0000 -31.0000 24.0000 -10.0000 -29.0000 24.0000 -10.0000
3 16 -36.0000 24.0000 -10.0000 -31.0000 24.0000 -10.0000 -22.0000 24.0000 -13.0000
4 16 -36.0000 24.0000 -13.0000 -40.0000 24.0000 -10.0000 -36.0000 24.0000 -10.0000 -22.0000 24.0000 -13.0000
4 16 -40.0000 24.0000 -10.0000 -36.0000 24.0000 -13.0000 -35.1974 24.0000 -15.4079 -37.8974 24.0000 -16.3079

4 16 22.0000 24.0000 -33.0000 20.0000 24.0000 -30.0000 20.0000 24.0000  10.0000 22.0000 24.0000 -13.0000
4 16 20.0000 24.0000  10.0000 24.0000 24.0000   6.0000 24.0000 24.0000 -10.0000 22.0000 24.0000 -13.0000
4 16 40.0000 24.0000  10.0000 36.0000 24.0000   6.0000 24.0000 24.0000   6.0000 20.0000 24.0000  10.0000
4 16 40.0000 24.0000 -10.0000 36.0000 24.0000 -10.0000 36.0000 24.0000   6.0000 40.0000 24.0000  10.0000
3 16 22.0000 24.0000 -13.0000 24.0000 24.0000 -10.0000 29.0000 24.0000 -10.0000
3 16 29.0000 24.0000 -10.0000 31.0000 24.0000 -10.0000 22.0000 24.0000 -13.0000
3 16 22.0000 24.0000 -13.0000 31.0000 24.0000 -10.0000 36.0000 24.0000 -10.0000
4 16 22.0000 24.0000 -13.0000 36.0000 24.0000 -10.0000 40.0000 24.0000 -10.0000 36.0000 24.0000 -13.0000
4 16 37.8974 24.0000 -16.3079 35.1974 24.0000 -15.4079 36.0000 24.0000 -13.0000 40.0000 24.0000 -10.0000

1 16  30.0000 0.0000 0.0000 1.0000 0.0000 0.0000 0.0000 1.0000 0.0000 0.0000 0.0000 1.0000 stud.dat
1 16 -30.0000 0.0000 0.0000 1.0000 0.0000 0.0000 0.0000 1.0000 0.0000 0.0000 0.0000 1.0000 stud.dat
