0 Box with 1 Face and 7 Edges
0 Name: box-1-7eb
0 Author: Emmet Brickowski [EBrick]
0 !LDRAW_ORG Unofficial_Part
0 !LICENSE Licensed under CC BY 4.0 : see CAreadme.txt

0 BFC CERTIFY CCW

0 // QUADRILATERAL FACES (TYPE 4)

4 16 1.0000 1.0000 1.0000 1.0000 1.0000 -1.0000 -1.0000 1.0000 -1.0000 -1.0000 1.0000 1.0000

0 // SOLID EDGE OUTLINES (TYPE 2)

2 24 1.0000 1.0000 1.0000 -1.0000 1.0000 1.0000
2 24 1.0000 1.0000 -1.0000 -1.0000 1.0000 -1.0000
2 24 1.0000 -1.0000 1.0000 -1.0000 -1.0000 1.0000
2 24 -1.0000 -1.0000 1.0000 -1.0000 1.0000 1.0000
2 24 1.0000 -1.0000 1.0000 1.0000 1.0000 1.0000
2 24 -1.0000 1.0000 -1.0000 -1.0000 1.0000 1.0000
2 24 1.0000 1.0000 -1.0000 1.0000 1.0000 1.0000
