0 Box with 1 Face and All Edges
0 Name: p\box1-12eb.dat
0 Author: Emmet Brickowski [EBrick]

0 BFC CERTIFY CCW

2 24 1 1 1 -1 1 1
2 24 -1 1 1 -1 1 -1
2 24 -1 1 -1 1 1 -1
2 24 1 1 -1 1 1 1
2 24 1 0 1 -1 0 1
2 24 -1 0 1 -1 0 -1
2 24 -1 0 -1 1 0 -1
2 24 1 0 -1 1 0 1
2 24 1 0 1 1 1 1
2 24 -1 0 1 -1 1 1
2 24 1 0 -1 1 1 -1
2 24 -1 0 -1 -1 1 -1

4 16 -1 1 1 1 1 1 1 1 -1 -1 1 -1
0 !4 16 -1 1 1 -1 0 1 1 0 1 1 1 1
0 !4 16 -1 1 -1 -1 0 -1 -1 0 1 -1 1 1
0 !4 16 1 1 -1 1 0 -1 -1 0 -1 -1 1 -1
0 !4 16 1 1 1 1 0 1 1 0 -1 1 1 -1
0